11 0.19730573395531292 0.7857879885899314 0.07441809504760552 0.10579333384730025
10 0.41019552269300835 0.573892118315216 0.06392316702045528 0.11949035026854779
9 0.21423167321551853 0.662307609282245 0.07837365834564597 0.075932259142189
9 0.5919543279415529 0.6972672371700974 0.0634545161269509 0.07677434276462869
9 0.6834410717319724 0.6996816488063115 0.06082622809790813 0.08818523372651803
9 0.7429908978486645 0.6066741705856654 0.06243270081532673 0.09295155860509338
9 0.8673160185561556 0.6814814586385012 0.0776384182103247 0.07809667720299131
7 0.8004047065705738 0.8040769922647957 0.08406106067742425 0.14894683010818996
7 0.7789923379508654 0.3151290314290854 0.06270039121055926 0.10524071647007423
3 0.2665427920691146 0.2245063603423021 0.05124547763604722 0.07531056459280958
5 0.406963362131076 0.14998853853467994 0.055474292154066907 0.10060925654665537
5 0.5571741770921378 0.17446159381183668 0.0469173390799777 0.0969284300876314
1 0.4830738749201556 0.14699190501888829 0.06251319512997698 0.12422049186647137
4 0.4987992816694518 0.38397923573098963 0.050741149371890774 0.12123043712898003
3 0.5591392404192125 0.3304871893711613 0.05178085842651217 0.06687986020096112
3 0.6328180210638604 0.2534431166962198 0.056101068677992125 0.08055056150900727
3 0.720094339598294 0.3261386169146558 0.05226189729593717 0.0779190501888829
3 0.8029751840453193 0.419550690000771 0.053513743555994274 0.08711618225271758