6 0.3349284324224132 0.2475172528820211 0.05747194263252367 0.10961868117175737
9 0.25355360324255993 0.6936683947731656 0.06647253823134813 0.07926223030198079
9 0.6380211991476552 0.7533060145147094 0.06831480344731955 0.10633927791965432
9 0.7332354547106682 0.7649228915917605 0.060021227240572954 0.1047590063820473
9 0.8093991669146519 0.6703770942686617 0.051444187119107636 0.09002031982378433
9 0.9409495742257613 0.7574516171540973 0.07039513905632429 0.09401492793143741
7 0.8496116177248937 0.8807428876480689 0.09257362784558461 0.14609471978146155
11 0.42376349875572983 0.8354929635881824 0.07147318422365447 0.10689538693868508
1 0.4039116642809408 0.17134910540718618 0.05429031829710574 0.12487301947318051
5 0.48037724618446764 0.2675787921722528 0.04601794674075086 0.09929116738085966
4 0.5558916957189434 0.426663523255758 0.04300039894839819 0.12624728640340113
3 0.6201838991377356 0.37749820658211775 0.04828156170558765 0.07583335920779889
3 0.697960629078632 0.3038839892847009 0.04728877999262912 0.08641388487305632
3 0.7873085921610622 0.372551362737884 0.04300191886214989 0.08911647029967257
3 0.8701939005061794 0.47676896064484164 0.058092178656477776 0.09314619226940224