9 0.23979616860205483 0.6984900069023698 0.062330358556869615 0.08092468804412986
9 0.5839688511655846 0.781963692966684 0.05487774025421844 0.09134733690665915
9 0.6749622552943174 0.7736560711029304 0.06154772269091 0.07607625442760041
9 0.7315138373474981 0.6768555189133454 0.03969171899277085 0.08775311444583611
9 0.8524675578155296 0.7443192519308173 0.05075965660949686 0.09336834169855109
6 0.48503723107521407 0.9054464822058041 0.06767138493322084 0.10120672512377409
1 0.48177282409725875 0.4151004581696505 0.04223850430807559 0.12150941363942373
3 0.5484556644166798 0.42994440496175296 0.04493668505749106 0.07089848857984445
3 0.6193691761795309 0.35250319241705086 0.05345290650641408 0.09523904184881259
3 0.6996771490084791 0.405170171536672 0.050252600610934936 0.08207760536055639
3 0.7809207054429135 0.4815414360905886 0.05258069348673781 0.07086263943213096