11 0.15035539215686275 0.7977823554843468 0.08012009803921566 0.09814602883955148
11 0.43116176470588236 0.7884658070750998 0.060852941176470554 0.082768190025686
9 0.17176225490196076 0.6830735739172452 0.07636764705882354 0.0770649780015768
9 0.5259583333333333 0.6870840517789476 0.054367647058823465 0.08183393097835774
9 0.6118455882352941 0.6975008773937591 0.057024509803921486 0.07987426565957124
9 0.6776740196078431 0.5830980900790926 0.04652450980392153 0.08219526461687139
9 0.790203431372549 0.6715564710968692 0.04682352941176471 0.07030706238396779
10 0.35618382352941175 0.5891561252257063 0.05305392156862743 0.11384613819587498
6 0.721688725490196 0.3100665801988759 0.0467303921568627 0.08952610564329487
3 0.22875245098039215 0.2441052872510872 0.040838235294117675 0.07154080516772209
3 0.44042892156862745 0.32167157498537674 0.04507598039215688 0.07367625441875839
3 0.517404411764706 0.33938343378856084 0.04706127450980402 0.070033620711579
3 0.6601960784313725 0.32093263141832606 0.0364926470588236 0.0787056280359096
3 0.7385269607843137 0.41504214033213804 0.04323284313725484 0.07811968159507647
2 0.5844779411764706 0.32840019328094405 0.05375980392156854 0.09038549375651686
5 0.23975980392156862 0.16344975967040512 0.05795343137254899 0.08275516899366749
5 0.5109460784313725 0.16703054347549653 0.031274509803921546 0.05736090129956005
4 0.5174754901960784 0.2482394649169655 0.03249999999999997 0.1123584852877597
3 0.5813235294117648 0.25295307850766763 0.04499754901960773 0.06970158439510692
1 0.5853946078431372 0.16347254647643752 0.045789215686274476 0.1251190966659037