9 0.24863725490196079 0.6292446275527072 0.048747549019607817 0.08659637343912917
3 0.5571225490196078 0.39378856081991814 0.03826225490196089 0.07467236336817477
3 0.6214999999999999 0.32931166552224 0.042022058823529385 0.07267689021133747
3 0.7059583333333334 0.3859564100607818 0.034468137254902054 0.07529086238905422
3 0.7841029411764705 0.47028712392868954 0.04614705882352932 0.08118287937743189
9 0.587389705882353 0.7420686147351288 0.057134803921568666 0.07786577147071536
9 0.6735024509803921 0.7338881513694971 0.04798529411764707 0.08103964802522827
9 0.8469460784313725 0.7136860201927723 0.06398774509803928 0.0829504844739451
9 0.7282009803921569 0.6487403677424277 0.03973774509803918 0.07675898374914161
7 0.7531936274509804 0.7159191271839475 0.06994852941176477 0.12322453650720983
1 0.49097058823529416 0.43455741206988635 0.05057107843137265 0.12691599908445875