11 0.20287745098039214 0.8067766333511355 0.06997303921568626 0.10311355255461464
11 0.4835073529411765 0.8155755957376465 0.057698529411764676 0.09141415528597964
9 0.22777696078431375 0.6911270822206964 0.05849264705882351 0.08014770733196003
9 0.571156862745098 0.7257760484219629 0.054078431372549085 0.07457796088604055
9 0.6544975490196078 0.7206522723226774 0.05409313725490206 0.08386195671524115
9 0.7231789215686275 0.622366267388927 0.05419852941176462 0.08260217186744989
9 0.830593137254902 0.7155773250934614 0.04844117647058832 0.08022583352407098
6 0.4015857843137255 0.8189480430304417 0.04581617647058822 0.09490379186694137
10 0.4083504901960784 0.6077859667861957 0.0544485294117647 0.12180524401719181
3 0.2858823529411765 0.270951400015259 0.0472524509803921 0.060127870603494324
3 0.4896299019607843 0.3523816790010427 0.030727941176470597 0.07324330510414286
3 0.5650710784313725 0.37578372879631755 0.03210294117647061 0.06471127387401127
3 0.7019607843137254 0.3632607512525114 0.04362990196078442 0.0819804175885659
3 0.7831764705882354 0.46040090536863254 0.04674509803921567 0.07117621627120368
2 0.6297524509803921 0.37271727575595737 0.053625000000000034 0.084617176572315
5 0.29601470588235296 0.19470674703084864 0.057718137254901936 0.0834159863686071
5 0.5575098039215686 0.21095373973194984 0.04394117647058815 0.047549553673609524
4 0.566281862745098 0.28390081635767145 0.03207352941176467 0.09578922204420032
3 0.6264166666666667 0.2979439993896391 0.03714705882352942 0.05877368327356883
1 0.6288455882352941 0.20969069962615397 0.04690931372549012 0.1166424048218509
7 0.753735294117647 0.7132400498461382 0.06629656862745104 0.12763541110348164