11 0.176625 0.8106471351186388 0.0738357843137255 0.10109203733374031
11 0.45874264705882356 0.8023039088527759 0.06209313725490195 0.09091284555326677
9 0.19258088235294119 0.6968465705348287 0.06898529411764703 0.07857216245771982
9 0.2854362745098039 0.5438722311233183 0.05126470588235299 0.0688487067978943
9 0.3835808823529412 0.41931303883421067 0.04902450980392159 0.07363719132270291
9 0.5473382352941176 0.7064853894865339 0.050561274509803855 0.07180773632410173
9 0.6960637254901961 0.6016172528674246 0.046539215686274504 0.07040797538211138
9 0.8100294117647059 0.694382340225325 0.056333333333333346 0.08340296533658859
9 0.6368504901960784 0.7140440985732814 0.058014705882353024 0.07715286996770182
7 0.721970588235294 0.6910359349965667 0.05942647058823525 0.1353080542203911
6 0.37699264705882357 0.812574247857379 0.05790441176470584 0.08866671753007303
3 0.32028676470588235 0.35814999618524457 0.04498529411764707 0.07176216271203688
3 0.25103186274509803 0.27563571628391953 0.04127941176470584 0.06623798987818216
3 0.3990269607843137 0.28511502759339796 0.04560049019607848 0.06892032247399611
3 0.46532598039215683 0.355884336614023 0.03751715686274515 0.07699336232547492
3 0.5390196078431372 0.3642666259759416 0.0388235294117647 0.06771913227028821
3 0.6006323529411765 0.28339625136695407 0.03949754901960789 0.06222425675847514
3 0.6813897058823529 0.353833524071107 0.0492058823529411 0.08591602451616188
3 0.7535073529411764 0.4428062358536151 0.04867892156862741 0.07831174181734947
2 0.6012916666666667 0.3559299102260879 0.05062254901960794 0.08637827115281914
5 0.2629240196078431 0.1932776887668167 0.055262254901960794 0.08381638310317645
4 0.5334975490196079 0.27199959309274946 0.04248529411764701 0.11104661631189444
5 0.7213651960784314 0.22313491518526998 0.0628308823529411 0.0881914498613972
1 0.46750245098039217 0.19897764553292133 0.05510294117647063 0.11800310266778569
10 0.37748284313725494 0.6030430558734517 0.05398284313725488 0.11557468019633271