11 0.16529075754995828 0.8290743020924896 0.09123184757314193 0.11835869907661233
11 0.6189500272876909 0.8414597889814307 0.08996643919647591 0.1264115343666688
8 0.3022749167179676 0.844809758956105 0.08545197759353126 0.12174877244284306
6 0.39961574215970064 0.8403804136242453 0.08133430084570001 0.11105178686950443
6 0.8029386616369995 0.7065321508866899 0.0722265795206972 0.11099326562404807
9 0.1947506359123476 0.6978206545230904 0.07129759999301433 0.1044422280822373
9 0.3024596731589541 0.6867389734529706 0.07060758554145323 0.0986531549799974
9 0.40149085796866063 0.4868329982681044 0.05401745189725862 0.10208474278304314
9 0.5076998249221755 0.5074695351731461 0.06429870634515204 0.09310566767911492
9 0.6117804043817484 0.7199578009277391 0.06400301780030657 0.0895528785149215
9 0.7131676529529648 0.7262455671305361 0.05553154937325655 0.10785138769222748
9 0.7813856995035823 0.6013437026593446 0.06511066228317176 0.0964164997142517
9 0.9101337227832571 0.6955592688325514 0.07565010631284365 0.11219666443289843
7 0.746754540890059 0.8229804432144214 0.08324780978078179 0.14025240304140602
10 0.49419824223610614 0.6848449793884117 0.06741257329473772 0.1428311253840195
3 0.26509964067568687 0.23075880699372514 0.04110115481507685 0.08305776292466978
3 0.3420353299190974 0.31316013681104937 0.05396916709235471 0.09228287976235025
3 0.424388473679385 0.2366941832096058 0.0400129583786309 0.08757845487062994
3 0.5150615811142983 0.24625074715194553 0.0424123331630581 0.08871486616247325
3 0.5895751503006014 0.31832166610097207 0.03535710724280805 0.07656494956615574
3 0.6535586082841064 0.2498410404137983 0.047639163293908125 0.09419031588963445
3 0.7503851781995363 0.313061215111877 0.04792713968241489 0.09262219901424104
3 0.8428496854274999 0.4146977653615079 0.050840546452381896 0.09413454246915509
5 0.27329145960766854 0.14601744427908758 0.06044413707589471 0.09182941437560374
5 0.7907819001838099 0.17831485920007892 0.05534578699883447 0.09989933073984139
2 0.7234018520701534 0.16194160987963757 0.05443072288367599 0.09658545381756789
0 0.338438503150091 0.21046404010339156 0.045322498591955133 0.10040500480115117
1 0.50161264227802 0.13623221673933664 0.050112474185844504 0.132215831904592
4 0.5857113599748517 0.14865446507053776 0.05434024475967172 0.13206009706738148
2 0.5863150876917232 0.39495293479427573 0.06431916032500727 0.09673383636632642
0 0.732157440807541 0.2347440443968681 0.04950628752057495 0.10212855945159537