9 0.2048618590849091 0.643044766455184 0.05708061235033606 0.09171011916331337
9 0.5445913619541188 0.7801780663303444 0.06146767434651445 0.09493542205164388
9 0.625831514881615 0.7743124254564479 0.04955261634379891 0.09463434955281103
9 0.6915126718214935 0.6997695780112114 0.0489970802898463 0.09395947383638568
9 0.8078081147043542 0.7724861863194753 0.05269450040240242 0.09294438768159043
6 0.43678001755144275 0.8713136425216631 0.07293842645348794 0.11181070642193842
7 0.7276175974316097 0.8811537522954144 0.0803725353393788 0.14202633448309546
1 0.4680053649783227 0.4111066528579178 0.04473328239631033 0.1266753503196417
3 0.5297413441261608 0.4418095371264844 0.0425380189573045 0.07581303572965407
3 0.6020605440365117 0.37938534048525957 0.04120497087129964 0.07828756351976125
3 0.6794795470388854 0.44327417734959057 0.04241700889069361 0.08486036086476806
3 0.7534738124033107 0.5287583687496796 0.045508260966377334 0.07833744520740682