6 0.6858523658791802 0.17468555796338361 0.05592583802317786 0.1149405285811123
9 0.7751189734589004 0.6124666815584546 0.06548354690499365 0.08532962005633724
9 0.3897909736684697 0.713991511680867 0.06687996879743505 0.1126208444417369
9 0.294310659372485 0.7359784436534391 0.05857004582876717 0.11029893233616363
9 0.21618912363579734 0.6496156661609261 0.05019648825610554 0.09476901773186473
9 0.08546468332452851 0.7510944516485886 0.06917834041357959 0.10045899584867242
7 0.17931704338233476 0.8645830889242812 0.09059574370236484 0.15461058071204015
11 0.6064678248290335 0.7729600832392927 0.07004534326459745 0.11345930238742424
1 0.6152549328140666 0.10593918541919899 0.05247120180811891 0.12993969212678905
5 0.540036036633907 0.21059084232400857 0.044586248459155285 0.1035736925928827
4 0.4668291563519195 0.3780619865838528 0.04109973905690846 0.13031089605048504
3 0.4013992592301524 0.33583732365560515 0.04725608893895259 0.08027411720223919
3 0.32200864532259876 0.27060420625319714 0.046080227266442786 0.09078578549829948
3 0.23338177415106176 0.34906513029830966 0.04172572770813949 0.09311153465676861
3 0.15184628661826194 0.4624116728409566 0.05682631610352143 0.09849281567931205