11 0.17511167239023667 0.8299957650521578 0.06934354409538267 0.11009584556118261
11 0.582369355549908 0.8927319984417605 0.06210462121261486 0.10304512487555739
9 0.20337873177852064 0.7126220421590269 0.06449047802127389 0.08898667705492795
9 0.3093453391459608 0.7204734623209107 0.05883256200896211 0.09205717006449375
9 0.3965553396455513 0.5537305111890231 0.04636133603546643 0.08723169804787263
9 0.49156166359309866 0.579717231528373 0.04074746045089133 0.09532490152793997
9 0.5804831240483344 0.7841526728130546 0.05432592505707288 0.09464542613513371
9 0.670087600379689 0.7940137090421158 0.04836495307107003 0.09797122105354275
9 0.7344299424167584 0.6959469713889972 0.05544039254784641 0.1001778539583604
9 0.8539835778068844 0.801617140631087 0.058500201356714264 0.09145681166948019
10 0.47866793866765717 0.7485941254382549 0.06011251474335164 0.14497425269445532
8 0.29695663336787026 0.8571047500324632 0.0649724204293438 0.12242834610223784
8 0.5603644334968948 0.4771960074449206 0.06191022053664696 0.09904140587802449
6 0.747410358032656 0.7929020819806951 0.07072230975917554 0.10394444357875607
6 0.38708175430136604 0.8686649179760205 0.06978389276614594 0.11341765138726596
7 0.6902677362248766 0.8979164887676926 0.07104727473353346 0.14488050902480198
5 0.28568834498682594 0.23022265852919532 0.04532983359290311 0.0871071497208155
5 0.753480485775788 0.3202110409903476 0.046000449197070976 0.09134888456044668
3 0.2734216956972221 0.3073825633034671 0.04047632266598898 0.07388796260225945
3 0.3417326808246285 0.39055358698004594 0.044309730503478625 0.06914227243215157
3 0.42066597245301135 0.32918295286326443 0.0368022277394397 0.06784337964766486
3 0.4987508185682604 0.34315873782625633 0.0402232014197061 0.07563474180842318
3 0.5656015743618817 0.4235781742630827 0.03090197816137639 0.051198891918798436
3 0.6263981615067652 0.37090442626498726 0.047289910660176196 0.0792612699649396
3 0.712868927856952 0.4407833510799463 0.04295760040141011 0.07718472579318701
3 0.7925901650169318 0.5446684015062979 0.05296206196226149 0.07256070293901215
0 0.34342918260469135 0.3000333255421374 0.048761761773503116 0.10063194563476609
0 0.7020509973347931 0.36824746915984935 0.0388378741770332 0.08303694585118812
2 0.41118104336228783 0.3975772704843526 0.051087674666631985 0.10136239276284462
2 0.6942723567858516 0.3020451577717179 0.04736603609650339 0.09217684283426386
1 0.4975299756503909 0.2553874042332165 0.054016140684699634 0.12392425572436483
4 0.5654157927090189 0.2681810881703675 0.03926070676858327 0.11294494394667359