11 0.2196393025715881 0.7962283378301037 0.07324473637909802 0.10897867809375421
11 0.5079286098132618 0.7775322993165871 0.06417707921985681 0.0928782582348612
6 0.42241149666469 0.7958962828300318 0.06307406668882237 0.10780066465634547
10 0.42163550655223875 0.5704484208400064 0.0640244947075984 0.10602724225329095
9 0.2353120785790776 0.6685528825020319 0.055709528495124644 0.07394090425966805
9 0.41115766599982184 0.4029415092796992 0.04573793043527373 0.07853550140193423
9 0.5973989630237828 0.6758592005848207 0.055885300959865256 0.07428502503282397
9 0.691912501276128 0.6819450287841406 0.06224725214335225 0.09603838270162132
9 0.7518784926266951 0.5588306819220207 0.056116568812082206 0.09827436744626719
9 0.8632209793278117 0.6512819595338749 0.04998544062800715 0.07761517840395929
7 0.7870178605794815 0.6506497376483092 0.08238629471063934 0.13024435691372463
3 0.29245709147068594 0.24684450985201536 0.04906014679273718 0.0841794514420927
5 0.301813902953449 0.16303663497285104 0.05314678708971135 0.09068142569267094
3 0.43277478761971166 0.2518510669610007 0.04899341887192459 0.08138610185305412
3 0.5102620852040829 0.322216808783852 0.04381850179309554 0.07977630610743199
3 0.5856466191838429 0.3364933269849515 0.04884272498408899 0.07940239026196702
3 0.6429262000490902 0.2468108980555676 0.038562621503680505 0.07153279756837733
3 0.727334183940553 0.3078133537251055 0.04261623147985231 0.07561176759151045
3 0.8106304250646753 0.40296207034199505 0.06591050378276925 0.08559976530224554
2 0.6493718947731967 0.3196906298845268 0.05434555418711172 0.0922450513882277
4 0.5777668858348701 0.2307337479019079 0.0421445762929077 0.10959415564116254
1 0.5030271103899631 0.15559168361973194 0.04808552990266662 0.11858549587114706
5 0.765215124126531 0.17501954820682258 0.060327267435167184 0.08409277486810278