11 0.09335363437646392 0.8149072187835155 0.08264084319300634 0.10828418204466006
9 0.11854503707468736 0.6944473666238633 0.06604883446972085 0.08236017910131938
9 0.4845633267228091 0.7292232146859234 0.05774754748101383 0.09074589139457606
9 0.5650714158179059 0.7220672509101751 0.053089586433147866 0.09645657254709597
9 0.629122861191299 0.6397794910713858 0.05786519251251319 0.07920328038205708
9 0.7356366931160041 0.7073743157935237 0.0596769111691794 0.09375644952314999
10 0.12883127581670387 0.5952874453053235 0.0791444854977551 0.11341324368648606
6 0.47895977543042617 0.6146519030236574 0.06683687267898569 0.10153973500315013
7 0.6657064067058086 0.8202793688169405 0.07922960066785838 0.12966948438634726
3 0.199071624632276 0.2795946431199411 0.0543703732665475 0.07108360607328533
3 0.4735328677728614 0.3810215754567709 0.038782527073825686 0.06985681243898109
3 0.5449632163784608 0.31483278265929876 0.04054601627217108 0.07111044626239019
3 0.6236617554743178 0.37485653176355166 0.048630752622307524 0.08505306266141476
3 0.6939684429644979 0.4675974618014977 0.04974182811043985 0.08479593857459593
4 0.4088201487042142 0.42850086039812046 0.04784986912899633 0.10425820292698879
5 0.3394740096341332 0.20878438836707114 0.049213546868472166 0.09015944557464876
5 0.4833674511686437 0.29911740870594006 0.056973466528519166 0.08897367556882942
1 0.41850974715649714 0.21004378421272846 0.04091289008790616 0.11929681013047853