11 0.8135321755865301 0.8201161938564977 0.07768418202183573 0.10397618394917454
11 0.5256978044805308 0.8087618335281131 0.06546383449506231 0.09346330048526656
9 0.7998341567888926 0.7037436592650306 0.07221922091387416 0.08093033574283279
9 0.7085187951034334 0.5465945982965176 0.05390615082855998 0.0708227883824612
9 0.6111562897364552 0.4184097211040413 0.05172811442216535 0.07569024436460862
9 0.43742964744111895 0.7100226383297984 0.05325538678083391 0.07383745872349444
9 0.287978752486187 0.6014379446632713 0.049117236236099246 0.07236762594564437
9 0.1695141167637248 0.6950239466735921 0.05941239056975769 0.08573640402641321
9 0.34587109955536444 0.7168422379008017 0.06098661343493128 0.07937074838765536
7 0.2594928625887046 0.6924913162792711 0.06375248575261866 0.13877254382547705
6 0.6089255012015514 0.8200711318876336 0.0611362507973536 0.09112748993637201
3 0.6771686648116653 0.35658639888037635 0.04756162304661896 0.07373489965228187
3 0.7497529245234521 0.2730192484862476 0.04365233073473827 0.06805642672668771
3 0.5984433233342817 0.28121259788291086 0.04812497351808054 0.07083901561605756
3 0.5291443386615753 0.35281557392738794 0.04005627040447309 0.07900192971571748
3 0.45371685785055876 0.36063513059871977 0.041178763781277786 0.06954428429208334
3 0.39265602813925693 0.27743194794326853 0.041741743542068034 0.06393973269464767
3 0.3086035557814574 0.3485505940065504 0.052192948532760464 0.08823111341961362
3 0.23294951514374815 0.4386842828492692 0.05148175864563171 0.08046038619323126
2 0.3903308752030039 0.3514961200806052 0.05364980439943791 0.08871738869891846
5 0.7394875753277568 0.18879640950910653 0.05832830281848728 0.0861478222645448
4 0.46145601771301925 0.2664682477985062 0.04590402735149664 0.11382675496688746
5 0.27076789790396416 0.21468059540127063 0.06615504307701431 0.09069164466375211
1 0.5304960239108382 0.19256184180024719 0.05894429420525654 0.12105742803964852
10 0.6131973485498478 0.6060946189768525 0.05774543443018783 0.11856628913031977