11 0.8304766002697376 0.7511823151473052 0.07512889995504386 0.11050020140784528
11 0.5227364612511672 0.7688267523200174 0.06824359373378985 0.10953392751039803
6 0.6119522996853062 0.7718520133608511 0.05884997752187292 0.11071357087020649
9 0.8085191358024691 0.6283891815761097 0.06802376456755542 0.0859921308375984
9 0.7134578777189888 0.4760453449910682 0.05170970709271375 0.07756595987343369
9 0.6163737265276481 0.4420686279293838 0.045638371891966824 0.08169598533406432
9 0.42784822249887616 0.6697569178571734 0.059440467545042806 0.08268606764815921
9 0.33632337552304875 0.6834415646471345 0.06083917418819381 0.10414893885334363
9 0.27246806549780406 0.5638639145073927 0.05553704741155711 0.09033765676084518
9 0.14399930317806142 0.6683200603171049 0.0652013971020508 0.0873534480927489
7 0.242122400318152 0.6668113856190013 0.06960312618874706 0.13118236719759888
10 0.6158994864612511 0.5472528654930474 0.06113635577687889 0.12131483175029642
5 0.7420915534114881 0.11067040969513262 0.05414420583048015 0.09077681427326213
5 0.26266251167133536 0.16444722990059732 0.05356671853926757 0.08272087398566509
3 0.7531739755161324 0.19061726022180694 0.043986250302590214 0.07644948719935929
3 0.6815475135733305 0.28249555668458765 0.04741581768509861 0.07882594439229851
3 0.6036011705916935 0.21417181840188373 0.046450682989245255 0.08000468146464171
3 0.5277250285299306 0.2945678690858572 0.04393822319051081 0.0881451024405273
3 0.4489912179686688 0.3113550073052204 0.03912073866583665 0.08412400293548336
3 0.384501429954698 0.22820925595827557 0.043829830203686394 0.07111441783564547
3 0.2976675260227549 0.3016178547815945 0.04879161738769571 0.09401500387985177
3 0.2114315264377356 0.40647526548998564 0.04831876059065591 0.0837401044641737
2 0.3808313396963724 0.30277755981717336 0.04646440502126768 0.08781041292913992
1 0.5266106114050558 0.12752044916341593 0.047497541238717605 0.13067741811407624
4 0.45081359235052054 0.21151122784154894 0.04178115295500914 0.11276841848436055