9 0.567468137254902 0.7745463238473079 0.04915441176470581 0.07445751633986927
9 0.7162401960784314 0.689613387248544 0.050124999999999975 0.073865059383027
9 0.8266813725490196 0.7552426438798607 0.05042156862745095 0.08468228173240751
9 0.6147205882352941 0.581447674270746 0.03589705882352945 0.06912865898629231
9 0.2583406862745098 0.5697157244220645 0.05835049019607841 0.08797985809109637
6 0.4771838235294118 0.6572235701024898 0.04750735294117647 0.1034944177411561
7 0.5526544117647059 0.4287239897255919 0.05138970588235292 0.11850441240049842
1 0.3342647058823529 0.5600020345362529 0.05088235294117649 0.12064311690953947
3 0.6256274509803922 0.5047928587777524 0.04292156862745089 0.06881940947585259
3 0.6942450980392156 0.4404364080262455 0.045352941176470596 0.09310037893237706
3 0.7701691176470588 0.5250080109864957 0.04769362745098049 0.07995239185168235