9 0.2199607843137255 0.6726958113984892 0.06492156862745102 0.07909951425446958
9 0.598703431372549 0.7149913786526283 0.04789460784313726 0.07904743012639551
9 0.6844289215686274 0.7193697006688538 0.055132352941176466 0.08130006866559862
9 0.7554117647058823 0.6280694794130363 0.057392156862745125 0.09075984842704925
9 0.8764289215686274 0.7043108771394421 0.054328431372548946 0.09350077566694649
11 0.29502696078431373 0.8055884641794462 0.07289705882352937 0.10724447496248832
7 0.8025441176470588 0.8233817044327458 0.08302696078431371 0.13632694997584
6 0.5866617647058823 0.6007383332061749 0.05812990196078438 0.10838381526410816
10 0.37045833333333333 0.18632120241092548 0.04484068627450977 0.11548027771419848
1 0.29981862745098037 0.16678965438315405 0.050617647058823545 0.10896976170494137
3 0.2926127450980392 0.2607722082347855 0.036203431372549 0.07557732509346153
3 0.5739975490196078 0.36206281630680803 0.042605392156862765 0.07632603443452608
3 0.6502426470588235 0.29702927189033845 0.05293627450980387 0.07972777904936294
3 0.7313161764705882 0.35628473334859234 0.05086764705882363 0.07779415579461361
3 0.8109264705882353 0.4543689122860558 0.04587500000000011 0.07864703339182624
4 0.5143578431372549 0.41368144248620325 0.04587500000000011 0.12748241397726412
5 0.4409656862745098 0.2604238956282902 0.0584019607843137 0.09115373464560922