9 0.7296189360929557 0.5233512293402733 0.06071492374727683 0.08447230553459793
9 0.4147652142338416 0.727559423435032 0.048991721132897736 0.07464832268498511
9 0.3778834241103848 0.548032764322523 0.04601241830065361 0.08112756410437551
9 0.2835496732026143 0.6566625565266698 0.043741884531590336 0.08681640476721976
9 0.17356566811909951 0.7249397605840626 0.04177570806100228 0.08773489389799244
3 0.4525147603485839 0.414321402096891 0.031859822076979016 0.07021574636868239
3 0.38430412127814095 0.41593198319247 0.053089923747276724 0.06550406181976076
3 0.306512037037037 0.41188555281458317 0.042329320987654295 0.07523038692923496
3 0.23193464052287588 0.5027771547952419 0.04509952795933192 0.08755069452097515
1 0.5871973674655047 0.5151553336403977 0.049713162672476274 0.11275852032699513
6 0.5796258169934642 0.7159587931055594 0.06507906681191011 0.09477833181214085
7 0.4341311365286855 0.5307512988535953 0.04695444807552662 0.11617909721221434