9 0.28660442992011614 0.6135653036215689 0.0668001270878722 0.09892104548789787
9 0.6418165395787945 0.7095580154605917 0.06696383442265796 0.10154900321852328
9 0.7267041394335512 0.6967336251385793 0.06128772694262885 0.11325134227587348
9 0.7835844952795934 0.6125054880673507 0.048033061002178634 0.08892798212622217
9 0.8976909949164852 0.6721568612380341 0.0731391612200436 0.10808095570456669
7 0.8396969498910675 0.7920035009094187 0.07955497458242555 0.1474451510690263
6 0.4441321713870734 0.6826818578706884 0.05028335148874352 0.11400962448677425
4 0.5355541757443718 0.7950555343624697 0.0576915032679739 0.12657407642886134
1 0.5276697712418301 0.3459027751639638 0.05223509440813334 0.1211759664753638
3 0.5990199164851124 0.36691515211455195 0.04702312999273772 0.0879786283269613
3 0.6598393790849674 0.30137311228473707 0.04591332607116927 0.08597377520446615
3 0.7443226579520699 0.3472471484938309 0.05420205156136548 0.09197924396256076
3 0.8320327523602034 0.4327166239508245 0.058526742919390085 0.07627829065045816