9 0.7182461214479243 0.7458324324273143 0.08868351888234015 0.08861708132961045
6 0.6126162486998729 0.39592402659069326 0.04024906968681377 0.09414521866499283
9 0.3427957265945017 0.7845687817838033 0.06856317526355661 0.09227943898598577
9 0.2483616831670455 0.7843799617292472 0.06134999550573337 0.105108780022705
9 0.19319694903501675 0.6973600944554749 0.051860076787755026 0.09165747202835915
9 0.059762163411533675 0.7765011480279012 0.0554194948444342 0.09989817063529281
4 0.45232360260410653 0.47040214588901863 0.05150784955763567 0.10711878041090399
1 0.46198642988302074 0.3769313711287789 0.04500520564479876 0.07749354405918057
3 0.3917977169125673 0.4298923665849555 0.04961966177433634 0.07554971552578733
3 0.3310491210498607 0.3639494470056119 0.047352455795677775 0.07467445337302431
3 0.239284148079664 0.4259290845412481 0.03890524801931241 0.09779703245439371
3 0.15054984141659283 0.5214817276565366 0.055956957766734795 0.08190645537272324
11 0.544703288519075 0.8699927681343436 0.060204887193908145 0.10630266086829729