9 0.24681127450980392 0.6168160524910353 0.052446078431372556 0.08452928460619014
9 0.5778259803921569 0.7211503267973857 0.057612745098039264 0.07509229165077186
9 0.6547990196078431 0.7140115459932351 0.04489215686274517 0.09336731008875677
9 0.7131029411764706 0.6337694361791409 0.036502450980392176 0.08588347193611548
9 0.8268529411764706 0.701208616261031 0.05076715686274502 0.09380351466137685
3 0.765031862745098 0.47439851478853534 0.04231862745098036 0.06988062358536148
3 0.6917941176470588 0.4008492154319575 0.050254901960784304 0.0822831565829964
3 0.6117916666666667 0.3397024490730144 0.052017156862744995 0.07393016454311951
3 0.5544803921568627 0.40285445436280864 0.04523284313725484 0.07002059967956056
1 0.39667892156862744 0.5103658604816764 0.05315931372549021 0.11902525368123895
7 0.6460024509803921 0.6006341649500266 0.04200735294117641 0.12051941710536353
6 0.4808161764705883 0.8208426031891357 0.054769607843137225 0.10845868619821472