9 0.2470098039215686 0.6671944253706671 0.052845588235294116 0.07460400295007742
9 0.5736299019607842 0.7657864245568525 0.04922058823529407 0.08298303705399135
9 0.6536740196078431 0.7597544314742758 0.049995098039215646 0.10997889168637619
9 0.7114485294117647 0.6797336792044963 0.06014950980392153 0.08340296533658859
9 0.8196029411764706 0.7383087917397828 0.04612745098039217 0.08336390224053296
7 0.6414656862745097 0.6519598179090054 0.042735294117647094 0.12551949340047308
1 0.48194362745098035 0.4808894992497647 0.0570245098039216 0.1186639200427253
3 0.5419852941176471 0.44191755041835146 0.0472058823529411 0.06351008367030345
3 0.6071985294117647 0.3796216779837746 0.045281862745097934 0.07563917499554942
3 0.685078431372549 0.42162427201749697 0.04172303921568621 0.07175565219602752
3 0.7629681372549019 0.5056034180209049 0.04554411764705879 0.07044052796215765
6 0.4812303921568627 0.8661037104854912 0.06295098039215685 0.09155413138017843