9 0.2245447981400751 0.5565447527257162 0.06432030328766782 0.08491423239887061
6 0.46471000303374543 0.8862337531922261 0.06408408644799064 0.12081520148898417
9 0.5640342907370843 0.7822094292708498 0.06412219550498818 0.09301110485891682
9 0.6540631381092743 0.7766611435744275 0.05591493927802663 0.0992743491706224
9 0.7169489208482034 0.6953007738292767 0.07103066689546472 0.08774537986889619
9 0.8313323471850245 0.7696084529666662 0.05615818108492238 0.09773066893669406
7 0.5573288205101471 0.5594026172647132 0.0532147383557389 0.143691414775378
1 0.38476014860284796 0.5463075598647602 0.0624357214485809 0.13166343957254234
3 0.5446554830787231 0.4281627109514396 0.05104754523647645 0.08251314355519006
3 0.6125394836550625 0.3570861965978444 0.05026577203755479 0.08687295060285578
3 0.6956551330757182 0.4198274779129213 0.046588655819035055 0.08739190196559378
3 0.7768288331809222 0.5117674376103152 0.04392519232426187 0.08326393012932433