11 0.15775 0.8381312784517179 0.08020833333333333 0.11048020141908906
9 0.18511764705882353 0.7208085247068996 0.06386519607843139 0.07115017420716664
9 0.5300318627450981 0.7492432033773301 0.06006372549019612 0.0759386587319754
9 0.6101299019607843 0.7495036240177004 0.05604166666666677 0.0829700160219729
9 0.6717598039215686 0.6482065054296686 0.04695098039215684 0.0756912591236235
9 0.7800122549019607 0.7315508761221738 0.057573529411764746 0.08612436102845801
7 0.713642156862745 0.8434959436433457 0.0641666666666667 0.14399959309274946
6 0.7155490196078431 0.41240863660639354 0.04139460784313731 0.1021532514432492
10 0.6459656862745098 0.3328794282953129 0.0355833333333333 0.11180509142697283
3 0.25281127450980395 0.3402298008697643 0.037487745098039205 0.06846784161135269
3 0.5143676470588235 0.42876305282164745 0.038541666666666696 0.06649841051855243
3 0.5767058823529412 0.36007385366598005 0.038215686274509775 0.0690993616642506
3 0.6576274509803921 0.41795885150428524 0.03829166666666661 0.07418407466748049
3 0.7275857843137256 0.5010297805244017 0.04586029411764714 0.07431102972966097
4 0.4540612745098039 0.46963932758576843 0.040475490196078434 0.11570163525851335
5 0.26916666666666667 0.26743572137026017 0.05549264705882351 0.07588331934589657
5 0.5151200980392157 0.2918241143409374 0.04004411764705873 0.08885226723633681
1 0.6285661764705883 0.2664233361308207 0.042022058823529385 0.11617039241117974