11 0.9164188424340929 0.7740360054078723 0.08028196562575649 0.1293176929855532
11 0.48795612039054304 0.7991561139480434 0.06452219340411061 0.10962333154410459
8 0.7856772763426358 0.7971956671957809 0.06642870745005826 0.12353425626923771
8 0.40861068345033486 0.5848100656082469 0.06634086062408502 0.10137200057791147
6 0.3101079065371006 0.6856169592103664 0.07043115122592265 0.11054120479207176
6 0.6839501723323075 0.7865052717187982 0.06110662470749613 0.11106937443010206
9 0.8758677294786227 0.646617499040801 0.07296118776728795 0.08096064328039312
9 0.770129826745513 0.6374438123778278 0.05948259270786503 0.09347586081521866
9 0.6630373713271316 0.45982915409661634 0.05061631566206735 0.09437183619849134
9 0.5738972807229888 0.48293343437213854 0.06347266083388092 0.0927220990811784
9 0.4882558656384365 0.6874360496123497 0.05334799598851883 0.09451049818063188
9 0.3238909868474138 0.5842325400447593 0.050390566102984445 0.08753240312569667
9 0.20496731795598896 0.6832249726592439 0.06530831460156086 0.1009283851109368
9 0.39706104828762784 0.6905748660231185 0.05868935228412359 0.09522445674898103
10 0.5907672095998893 0.6517256046301796 0.06382821638943632 0.12728138752304707
7 0.37948952519279316 0.7872647406144422 0.07307472651612083 0.1442526000748225
3 0.7162357160148011 0.3094500017700927 0.05515439822019314 0.08325844941792647
3 0.7819179006582058 0.22895038937255477 0.049019524846975915 0.08345244392394158
5 0.7672337586886607 0.14675751356512934 0.051631321829143234 0.0962581388384173
0 0.7110999319892567 0.21388598115281832 0.05003458634482601 0.09663277848103081
2 0.6478572442968957 0.30360770535706594 0.062032917199801765 0.09572502136071336
3 0.6327691507878872 0.242475015189309 0.040755025302301885 0.06957510082352368
3 0.5498536431856693 0.2526658993075589 0.038071076990466926 0.07829429656994306
3 0.4881509400468007 0.34023837503576065 0.04223879378912059 0.08597219251336902
3 0.4218861407937661 0.26769390906316165 0.0434836993233508 0.08772598122936286
3 0.3372362531844014 0.33097819915552223 0.048680642298071536 0.09021013966509854
3 0.2569544904381506 0.4257175471681865 0.05501295431752956 0.08337068209804781
1 0.5577350877799679 0.15743936054683424 0.05284455971689077 0.1152705557038606
4 0.485474498276677 0.1806814944940549 0.04316080736821467 0.13773240063799877
0 0.34933235351753866 0.2569946466655759 0.04080100517573275 0.08601493498975746
2 0.35336747933741397 0.1883524585630866 0.046277811206787346 0.09554993642018372
5 0.2932755472559395 0.20226208509266194 0.05011990639877356 0.08886535603261943