7 0.36040767973856214 0.5878171773258469 0.05719144880174287 0.13044684482045693
1 0.6026880900508351 0.4827254888773976 0.052886710239651524 0.12113350344317002
3 0.44894771241830067 0.3830393854193452 0.04400399419026879 0.07323930234244841
3 0.385418663761801 0.31740841676344844 0.03720470225127093 0.07172973069710173
3 0.3093029230210604 0.3847746790660348 0.03858523965141614 0.0771230662721927
3 0.22573202614379084 0.4733656575932001 0.058171477850399445 0.07306809988442706
6 0.5352705156136529 0.8034308791739783 0.06496468772694275 0.1004938897036454
9 0.758660403050109 0.4854861164564784 0.044542574437182125 0.07895939348213687
9 0.44009168482207695 0.7061041867176807 0.0679092229484386 0.09339139899799104
9 0.34765522875816995 0.7171605137957572 0.042423656499636864 0.09891793490802682
9 0.2870941358024691 0.6423928557636246 0.04603104575163397 0.08699544395747431
9 0.17699818445896875 0.7132328159394613 0.05890913217138716 0.08838254556277984