9 0.7706919404316149 0.6481017228366033 0.051229749494766906 0.0884735547769906
3 0.45354702018279436 0.404043448109791 0.04036169563288022 0.07621604814538797
3 0.3870164686956279 0.3376105306138765 0.0441173261758361 0.07427440701051057
3 0.30291842761601 0.39316994587165477 0.036540326231037236 0.07676559542607385
3 0.22582702571723737 0.4768311486878136 0.04847893979572733 0.08295159629601076
9 0.43080535751282706 0.7553734056313657 0.059511193984375946 0.07981817292326374
9 0.3435730484098872 0.7453950314614463 0.050333906133840346 0.08284341194173911
9 0.16779044132881124 0.7215325842739405 0.06655321689496252 0.08509245258415965
9 0.28636036535926207 0.6582669343102515 0.04190026388969537 0.07835388306868783
7 0.26261129413485257 0.7256531411477265 0.0734869597197221 0.12590729062267117
1 0.5213367038951151 0.4465550261694892 0.05398233939182796 0.12925218516900489