11 0.17513366013071893 0.7966950751977785 0.07581203703703704 0.11456586368418721
11 0.8935523965141612 0.8897502181004026 0.08721372549019613 0.11796852459386983
8 0.30007342047930285 0.8305277191435733 0.07274787581699349 0.13554491643801697
8 0.6738106753812636 0.6503673698061634 0.0719132897603485 0.11712292912937872
6 0.7716156318082789 0.7592944996877553 0.060660403050109 0.11588301341192668
6 0.4057157407407407 0.8343010936574274 0.051080446623093634 0.12054598965589018
7 0.4986938997821351 0.8642743760520012 0.06503485838779954 0.14263527829347628
10 0.5951976034858386 0.841731497352748 0.06288970588235276 0.1393823592520065
9 0.20081742919389978 0.682137916314626 0.06192897603485842 0.08254813458457304
9 0.3124039760348584 0.6862100994002828 0.06244411764705882 0.0981193116108912
9 0.4052377995642701 0.7128243895684805 0.08063061002178662 0.0910446473329205
9 0.5019565904139434 0.5541849849340706 0.0542399237472766 0.0967772049051163
9 0.5967709694989106 0.7446750636499014 0.05590577342047931 0.07138385350585419
9 0.6950349128540305 0.7666137182374512 0.05139880174291944 0.09816502990108952
9 0.7594965686274509 0.6599034672830558 0.04900157952069728 0.0837973579286159
9 0.8845578976034859 0.7680154082212218 0.06073044662309357 0.09826792016705813
5 0.29071906318082785 0.19682809016386493 0.04772598039215681 0.10003207710138873
5 0.7577258169934641 0.2923091960096716 0.05179989106753813 0.09038578311278396
0 0.42025174291939 0.231256663341707 0.04339014161220034 0.0824647276405878
0 0.6354716230936819 0.276031049283815 0.04414335511982581 0.09690126640462596
2 0.6956658496732026 0.28708913661251595 0.04182429193899795 0.100812446840676
2 0.4129736928104575 0.3559384703489889 0.05198218954248368 0.10581698404490289
3 0.34617559912854035 0.3654400862040545 0.04017494553376899 0.08768633027116794
3 0.277068082788671 0.2787624036538764 0.04182434640522881 0.08003857179322708
3 0.4289705882352941 0.3008150646106547 0.03370364923747271 0.0636412343983566
3 0.5092358387799565 0.3214459253231004 0.03459123093681926 0.07440306913561406
3 0.5763365468409586 0.4116758659730405 0.038672875816993635 0.08658142336533017
3 0.6391317538126362 0.3484665681423648 0.039099836601307114 0.08810326853900508
3 0.725327559912854 0.40910920354499103 0.04787489106753817 0.08756955090437957
3 0.7774114379084966 0.36678477300321105 0.04099308278867109 0.07981224696632742
1 0.5040115468409585 0.22883113443292477 0.04511214596949875 0.11822308576983183
4 0.5715466230936819 0.2551826167715489 0.042490577342047864 0.12892859248709812