11 0.09406361024904276 0.8303987801848567 0.0791965502928165 0.1257140938332519
11 0.5203872492743212 0.8134772121284803 0.06361816587700501 0.10670727234828685
8 0.22423818636591417 0.8405811208479314 0.0654385559978808 0.12049478351993188
8 0.5981248263496836 0.5934470479731138 0.06547449030432984 0.09841333344754825
6 0.6966616498231774 0.6836767467027586 0.0694951134166512 0.10738993024324939
6 0.325365271370513 0.8200688555952452 0.06021009605699618 0.10828237806845448
9 0.13369410330912376 0.7002467887052883 0.07217831229599807 0.07781327805332128
9 0.2388190542554633 0.6808453867173782 0.05869140361932495 0.0908140404377856
9 0.34435936027001196 0.494487164243883 0.04986050192809382 0.09205501731783423
9 0.4331533434989293 0.5086732762829903 0.0626675034285587 0.08990624212987942
9 0.5194709428124289 0.7028584174954385 0.05257897442184066 0.09208593757584596
9 0.6823908850879024 0.5846098481798427 0.049673856424219356 0.08524832089818585
9 0.8012299860706961 0.6710502437060452 0.06444911459666315 0.09801180867861939
9 0.6101982577975067 0.697070189054215 0.05789203965012573 0.0925876790675495
10 0.41730704845720235 0.6774915986374161 0.06282904263456691 0.12433094224437986
7 0.6282113474719712 0.7911179914167501 0.07193897660120677 0.14087985905881226
3 0.2906118051388593 0.3507410045771622 0.054439795225611015 0.08080223632776239
3 0.22483343319705126 0.27742176307832006 0.04833177064178745 0.08123643569558309
5 0.2389847227867784 0.194585003012418 0.05086038593419892 0.09389488231582131
0 0.29519152054518555 0.2555929380926682 0.049268833845556075 0.09433090912205867
2 0.3585943925769642 0.33828379547537674 0.061217596374222985 0.09295521348192687
3 0.37326401343177756 0.276265725535882 0.04018215256853343 0.06773203128346138
3 0.4557950581439113 0.27826962140615674 0.037461881524208554 0.07652617662763371
3 0.5176542415554938 0.35898209395888836 0.04156788073132069 0.08401363040629094
3 0.5831653268583218 0.28066897494981685 0.04279735522449272 0.08571241715850457
3 0.6677152996520899 0.3350876056844756 0.0479568095513588 0.08798385001299197
3 0.7480944153025914 0.42108561491875035 0.054298370421986944 0.08091963097165468
1 0.44742862296320673 0.18472575346142533 0.05196225509910734 0.1127933001539046
4 0.519433613711654 0.20069515300513682 0.04219753860668246 0.13555696953603047
0 0.6552741563738215 0.2629940636805181 0.040136399644132556 0.08411267756847894
2 0.6508806827151176 0.19540420710588008 0.04553518966579006 0.09339935411473461
5 0.7107300776184114 0.20331781952332412 0.049397008103083936 0.08658724847737258