6 0.7274036483729294 0.23496469899334352 0.04850655323857952 0.11119125784701225
9 0.8125437666424594 0.6456448956745633 0.06602737490057763 0.08492792890542235
9 0.4512880900508351 0.7163292188724413 0.05284664384272234 0.0849925202579933
9 0.3613464778503994 0.7267066022544283 0.05384326174914412 0.10309882111825851
9 0.29644154303696785 0.6440162236172468 0.050977404295051446 0.08828403385948153
9 0.1766161669606114 0.7237918348015535 0.05406397620776702 0.09771657581785478
5 0.5909777120724834 0.2585083572295848 0.037447923366877765 0.08355321329234364
1 0.559306100217865 0.17948227027306307 0.053658180309160766 0.110016268395808
4 0.5212958501919286 0.40744521429125 0.04764123525953594 0.11489853694661882
3 0.4605655116367535 0.36501222282501056 0.037257696164885605 0.06817297613819348
3 0.38930251755023 0.3020259543430899 0.04573636269322544 0.08262953490574973
3 0.30588971539232973 0.3666856458876919 0.04032473631427874 0.09070213128729751
3 0.23199198049590208 0.47185513790935785 0.047444811010824046 0.07998084855373852