3 0.24263658286359815 0.08014340391697596 0.05445789443349364 0.0968061978121654
3 0.24202071445862297 0.1866724741016301 0.05305833938513674 0.09161140705147526
3 0.23744626113820017 0.29373488221229055 0.05133557884058976 0.09716031126841015
3 0.23190078961625799 0.40260768526412166 0.06254950375211812 0.09342863589001697
3 0.22359224677525327 0.5021277486430087 0.07055688118868947 0.09387982008203657
3 0.21549770492559164 0.6362382816514103 0.06240641836981707 0.10023732867177011
3 0.20935003169992278 0.7587084094712399 0.07015837050869729 0.09050953295386396
3 0.1983161531279178 0.8945816471047503 0.06858716095491697 0.09380185486579337
9 0.6785332341990294 0.07687525783553063 0.0663254233380595 0.0932062035530066
9 0.692504014939309 0.17999215571457686 0.05796164194072703 0.10498527072371913
9 0.7137877903424744 0.284436960683849 0.053097587347696255 0.10673254396766764
9 0.7110948600016139 0.3930801300874618 0.07253193162038467 0.10626151942844177
9 0.7032684141969545 0.4986947807142181 0.06669176839460082 0.10529580889887795
9 0.7063503383246303 0.6240527078112756 0.06312846653064512 0.09824881150234942
9 0.6970881142580488 0.759529873328339 0.07002067065509314 0.09780100751763154
9 0.714337409367039 0.898756644019048 0.06786159006812596 0.10283788381111447
5 0.0804891401828221 0.8894180865202178 0.06963728372007243 0.12613221501746663
5 0.15257434957522104 0.07370756269716201 0.07092352134269343 0.10554961837758088
2 0.1089901695657687 0.7563217626678838 0.06872268446473241 0.10952084757779566
2 0.13579169577295935 0.1735702762205746 0.05946494219086813 0.1022991816430862
0 0.14212789939020878 0.2747340756241012 0.0643777616396353 0.09689070299470975
0 0.10670823621629721 0.6255189829525721 0.07122787748844396 0.1123054035667846
1 0.11980405297921638 0.49067244654559233 0.06738830906848335 0.14408486341103566
4 0.12428857534783459 0.3648961820535563 0.07325753939435858 0.11775679615133999
11 0.8404888266417677 0.8958005057681102 0.08131729663058639 0.11799465986951053
11 0.7901543106131341 0.07384548985162796 0.05914505654113502 0.09682883050453381
8 0.8331741351684706 0.7379871508492141 0.06822634897580447 0.12549556032045386
8 0.8031089601272607 0.16987534222589634 0.07733254025890214 0.10507433183784425
6 0.8097958501919286 0.28288941360177505 0.09566735138499852 0.10064376185842504
6 0.8202996783898745 0.6111166544673791 0.07668854537699858 0.09933327018408006
7 0.8396450507775126 0.49594924407473423 0.06089570379592169 0.13081946030351824
10 0.7991320607255248 0.39585028345403456 0.05972536570183638 0.12653717854877267