9 0.7837910130718955 0.7110663814548251 0.0653627269426289 0.08229304292212142
9 0.40528425925925926 0.7347313837578072 0.04833547567175023 0.08140339296596781
9 0.3195831880900508 0.7348928204418145 0.05558578431372552 0.08401206027878791
9 0.24809114015976763 0.6401009129981435 0.05789834785766157 0.09358300107284108
9 0.12749920116194632 0.7103894083549739 0.054849909222948356 0.09617322192363542
11 0.7094660130718955 0.8402664865725317 0.07349518881626715 0.11083032250225341
7 0.20204809368191723 0.8330946709278898 0.08378729121278139 0.1404110931205358
6 0.4166887073347858 0.6210706747030849 0.05873438634713146 0.11124325800839625
10 0.6305808278867102 0.21728871293917965 0.04548474945533787 0.11768601642511253
1 0.7011116013071895 0.20123197198368226 0.05122539941902682 0.1114596723831484
3 0.7088416485112564 0.2955689872624844 0.03662494553376905 0.07735819235221592
3 0.4280217683369645 0.383018117733715 0.04303108206245465 0.07842181776395055
3 0.35141396151053017 0.31423403383546816 0.053380936819172 0.08233174432284328
3 0.27067091503267976 0.3695014425427182 0.05130152505446628 0.0802963641141714
3 0.1916076615831518 0.46366954610061345 0.04631363471314465 0.08090365057970157
4 0.48794936456063914 0.43757045476594825 0.04658600217864939 0.12973903116513946
5 0.5604867647058823 0.28792310960027956 0.05891034858387778 0.09402656011724961