11 0.10026225490196078 0.8265588362452633 0.09268137254901959 0.12314641031509886
11 0.9032377450980392 0.8314482337682155 0.11039950980392166 0.11339365733323163
9 0.8906421568627452 0.6907364512601409 0.06069607843137259 0.10541501996388714
9 0.742343137254902 0.5750185397116044 0.06556862745098035 0.085564456651662
9 0.6758921568627451 0.7063649449403626 0.07482107843137253 0.11062668802929722
9 0.5691348039215687 0.710323338673991 0.06474019607843129 0.09250141145952542
9 0.46678186274509803 0.4819702449073014 0.05366421568627455 0.08827283131151298
9 0.3656936274509804 0.6876472114137484 0.06226960784313729 0.09272276900384015
9 0.25466176470588237 0.6697205055822588 0.07305147058823536 0.09593570865440869
9 0.12883578431372547 0.6798215711706213 0.07139950980392157 0.09660303654535753
8 0.24070098039215682 0.8306734823631139 0.07944117647058824 0.14113822130668094
8 0.6506985294117646 0.5805622440934869 0.07590931372549026 0.10641763942931258
6 0.35378186274509804 0.829954070344091 0.07766176470588237 0.1266816205081256
6 0.7703480392156863 0.6867324839144479 0.07746078431372538 0.10387528292769757
10 0.457953431372549 0.6626240431321686 0.06541421568627448 0.13707565931690446
7 0.4566446078431372 0.8403415986368606 0.07995343137254896 0.1474599323516696
5 0.2390612745098039 0.10016103354441645 0.06880882352941176 0.09940581368734262
5 0.7634387254901961 0.14244032450853233 0.053840686274509775 0.08956516873935043
0 0.3816862745098039 0.11771663996337835 0.05013480392156866 0.0954571857277282
0 0.706546568627451 0.20598621601688663 0.04345343137254898 0.10598143485669237
2 0.3741887254901961 0.2734546934208184 0.06210294117647064 0.11396007222603695
2 0.6882696078431372 0.13104692149233235 0.050561274509803855 0.09607568474860761
1 0.4728455882352941 0.10562661173418784 0.05108333333333337 0.13638228936191857
4 0.5513578431372549 0.11306162101675948 0.048794117647058766 0.1382345311665522
3 0.21646813725490197 0.19170865440858573 0.05058578431372546 0.08847140204979527
3 0.29713970588235294 0.27954853640548305 0.057517156862745056 0.08057414613056633
3 0.3863725490196079 0.19418590575010808 0.03989950980392154 0.07587029831387805
3 0.48334558823529405 0.20966140230411232 0.052475490196078445 0.10030752015462474
3 0.5535196078431373 0.303422598611429 0.060470588235294054 0.09251443249154401
3 0.622970588235294 0.22113944202843264 0.04496078431372541 0.10047353831286078
3 0.7127794117647058 0.2893501182574197 0.047553921568627366 0.09040828056254921
3 0.7813406862745098 0.21934905012588693 0.0462524509803921 0.08061971974263119