11 0.1723872549019608 0.8176329187965719 0.0727156862745098 0.10854983342234442
11 0.6013088235294118 0.8270894433000179 0.06536274509803919 0.11118659240609352
8 0.29905882352941177 0.8320797538211134 0.06380147058823527 0.11791521070166068
8 0.6656911764705882 0.598326187024745 0.06628186274509806 0.10613768724091457
6 0.7733088235294118 0.6965210447343658 0.07931127450980391 0.10721517764044644
6 0.40259558823529407 0.8154486406754661 0.0576421568627451 0.09767076117087549
10 0.4895588235294117 0.6816380051372041 0.06245098039215691 0.1393022557920704
7 0.7154093137254902 0.8129746445919483 0.07485049019607848 0.16433844510566872
9 0.20031617647058822 0.6925691615167467 0.06974754901960784 0.08954563719132283
9 0.3122671568627451 0.6844798453752448 0.06571323529411766 0.09289529767808548
9 0.3987058823529412 0.4972243839169909 0.047411764705882375 0.08623178454261084
9 0.49312745098039223 0.5140670888329392 0.04998284313725487 0.08736461432822161
9 0.5961617647058823 0.7097406474911625 0.05997303921568631 0.08808402634724452
9 0.6922671568627451 0.710629332926426 0.05610539215686283 0.09311339996439551
9 0.7531225490196077 0.5908651356781364 0.05771813725490205 0.08470506853844001
9 0.8844877450980392 0.6878881005060908 0.06554411764705881 0.09320780244652989
3 0.2705588235294118 0.2616478726380306 0.0460171568627451 0.08058065664657563
3 0.34002941176470586 0.34297072810966145 0.0452573529411765 0.08372198062104222
3 0.42366666666666664 0.2707300424709443 0.040963235294117606 0.06944767427074595
3 0.5024656862745098 0.2744280155642023 0.03189215686274505 0.08335088120851451
3 0.5706985294117647 0.35692276391749955 0.04090441176470594 0.07906696167442333
3 0.6374485294117647 0.28544706390987007 0.046955882352941236 0.07935342437883063
3 0.7199044117647059 0.3368833956410061 0.047649509803921575 0.08131308969761705
3 0.7790882352941176 0.27597751837440554 0.043223039215686265 0.08320113934030161
5 0.28081617647058826 0.18371374074921798 0.04692647058823529 0.08747203784237428
5 0.7644485294117647 0.20579415579461358 0.053404411764705895 0.079551995117113
0 0.33886029411764707 0.24885145342183565 0.038014705882352895 0.09405416952773328
2 0.41042401960784314 0.33665552758068207 0.05124019607843133 0.10038564634673584
1 0.4940588235294118 0.17760362147453018 0.046941176470588264 0.11757015335317009
4 0.5695171568627451 0.1900517280842298 0.045899509803921656 0.1229380738028026
2 0.7019656862745098 0.2007485058874393 0.03873774509803929 0.09314920780244652
0 0.7086397058823529 0.26895592685842173 0.037740196078431376 0.08868624907810077