11 0.19458088235294116 0.811145189593347 0.08033578431372551 0.10859215177640444
11 0.8933504901960784 0.8492610055695429 0.0832720588235294 0.11320810762696785
8 0.3209485294117647 0.8302958724345769 0.07572303921568624 0.11473482363113868
8 0.7996887254901961 0.8568783093003738 0.08467401960784304 0.12193870959538153
6 0.4173578431372549 0.8333818570229649 0.057754901960784366 0.1172576485847256
6 0.6967279411764706 0.8510481422140841 0.07482598039215693 0.11352712291142135
7 0.5065661764705882 0.8471157905444927 0.07685539215686266 0.128455736120648
10 0.5996593137254902 0.8136908013529666 0.06206372549019612 0.1169418885582768
9 0.21877696078431375 0.6951277943083849 0.06255147058823529 0.10117341878385595
9 0.32417401960784314 0.6818170443274586 0.05275735294117645 0.09733872485440356
9 0.42454901960784314 0.7098578367793292 0.06723529411764706 0.10459469494672047
9 0.509313725490196 0.5342399226876224 0.06274509803921569 0.0984129599959309
9 0.6010049019607843 0.7242590981918058 0.054950980392156845 0.0780578316929885
9 0.6949044117647059 0.7391974771750466 0.061379901960784355 0.09491030238295044
9 0.7516960784313725 0.6207581699346406 0.062218137254901995 0.09566877749802911
9 0.8753259803921568 0.7207108669667607 0.05947549019607834 0.09374817527529809
5 0.29967892156862747 0.2087531853208209 0.04543382352941172 0.09198057017878489
5 0.7631372549019607 0.2570123852394395 0.045884803921568684 0.08107545586327913
2 0.3725098039215686 0.22597350016530607 0.04159068627450979 0.08735810381221232
2 0.7064926470588234 0.2531451387299407 0.04288725490196077 0.08310348160016276
0 0.436281862745098 0.23023137763536025 0.0416813725490196 0.08936008748505883
0 0.636843137254902 0.24578500038147552 0.04329411764705893 0.08791800818900841
1 0.5114975490196078 0.221338012766715 0.05240931372549018 0.11063970906131587
4 0.5801004901960785 0.23462923119961343 0.04500245098039213 0.12420111390859846
3 0.28964950980392157 0.2858832684824903 0.037632352941176506 0.06720480150555683
3 0.35685539215686274 0.3623167264311691 0.039688725490196086 0.08009236794588127
3 0.4345098039215686 0.30270969710841533 0.03813970588235294 0.0715570814577453
3 0.5141004901960785 0.30162244093486945 0.03800490196078421 0.07263782711528192
3 0.5797058823529411 0.3910508888380255 0.04032598039215696 0.07896604867627988
3 0.6418725490196079 0.3217073828234277 0.03864705882352948 0.07374461483685558
3 0.70775 0.3306625975941609 0.047850490196078344 0.08089967193102919
3 0.778813725490196 0.32631682815798174 0.03801960784313718 0.07645298949670656