9 0.7616345497458243 0.5233512293402733 0.06340381263616557 0.08447230553459793
9 0.45696855482933907 0.727559423435032 0.05137864923747282 0.07464832268498511
9 0.40992463689179365 0.548032764322523 0.048623202614379024 0.08112756410437551
9 0.3212915032679738 0.6566625565266698 0.04654842047930274 0.08681640476721976
9 0.21469566085693537 0.7249397605840626 0.04461753812636171 0.08773489389799244
3 0.4773796840958606 0.414321402096891 0.0341378177196805 0.07021574636868239
3 0.4089967501815542 0.41593198319247 0.055161165577342075 0.06550406181976076
3 0.33067979302832246 0.41188555281458317 0.044751107480029084 0.07523038692923496
3 0.26088888888888895 0.5027771547952419 0.04792752360203345 0.08755069452097515
1 0.6182080791575889 0.5151553336403977 0.053374709513434926 0.11275852032699513
6 0.6218153594771243 0.7159587931055594 0.0681030319535223 0.09477833181214085
7 0.4654239832970225 0.5307512988535953 0.05073690994916491 0.11617909721221434