11 0.857345705801984 0.7173684895179558 0.08545518593095083 0.12866679401905481
11 0.09701431942371867 0.803696707402117 0.08504953577901013 0.1200655968681314
8 0.7258003401560026 0.7372743803354062 0.07091904591237172 0.12940672139741355
8 0.34016346718739926 0.5586040923978127 0.06657946972445045 0.10791723479875139
9 0.822317087662213 0.5947119033122201 0.0688667731011756 0.0968963330399611
9 0.7068304634390222 0.5944763252487651 0.05704582925153358 0.09965424865457598
9 0.507883725439513 0.4570456431343692 0.047810221622713665 0.0860751075136947
9 0.6035728428367766 0.6230786343283942 0.058613342253558985 0.0995063567502055
9 0.24031988797586906 0.5678295332496501 0.06099734550886187 0.08878121417612919
9 0.1119796682573919 0.6651289616067176 0.05596348384041765 0.09574831166707543
9 0.3093901441644565 0.6805789624243124 0.059414410942915684 0.11083636391618223
9 0.4099500290703779 0.6525648720945332 0.058042837066143646 0.0752459530508304
6 0.6131775114742917 0.7446831097452472 0.05843868192083158 0.12784587821687432
6 0.22502032493659177 0.6608240907626235 0.07121579980465276 0.11040317803844606
7 0.5195627612442266 0.7706491459021677 0.05585460611629161 0.15338099390651555
10 0.4190077141125642 0.7479021595079042 0.07155881838869746 0.14500559908044625
3 0.6622589185240212 0.27329504912781893 0.04991506120708344 0.0858446019997402
3 0.7361837421649359 0.18684728159402095 0.043716593429587634 0.07235836731160455
3 0.5719609722756206 0.2076739140179005 0.04444111036534566 0.06816484631625516
3 0.4946920232765755 0.22592280483054153 0.03404393645497778 0.07998620131103702
3 0.42808538045992744 0.3143739093047079 0.045627217693325395 0.08888549692921081
3 0.3598495939921702 0.2466776828406123 0.041094983169590774 0.07680667311123614
3 0.28968866993789866 0.25887002342168164 0.0388918681862908 0.08139346443703807
3 0.21583452228644498 0.26371462830705006 0.049026504799327617 0.09157200286639063
5 0.7148875818441554 0.11305106811525197 0.05806950969893506 0.09573055774382357
0 0.5915737910451653 0.13490735421566225 0.04701497309089446 0.0784805159503095
0 0.36715298346065656 0.17195230633828218 0.04320212116012176 0.08147437898877968
2 0.29425454645504295 0.18074165567723288 0.0469275409790961 0.08926748945543389
5 0.23379209937362938 0.19174049430809853 0.0497941353861436 0.07985825486829518
2 0.5916801850077944 0.26802060723234594 0.053463633500370235 0.10902415867107204
1 0.4987845022666206 0.13023504364512545 0.047550093944745284 0.12286236919688157
4 0.4284855626294682 0.15179490571210089 0.040699787058577394 0.12256661001216775