9 0.2447742538990905 0.719499024344037 0.06338483245149909 0.08177764918293493
9 0.5929453089877927 0.8445405346445414 0.055919604384963614 0.0923101546869662
9 0.6848248815575613 0.8470034565604898 0.0625673202614381 0.07687811218177801
9 0.7414115537573054 0.7562351907825051 0.040567693744164336 0.08867804845844045
9 0.8639849880693019 0.8385824783785569 0.05177344814469015 0.09435246124214583
6 0.49369423868312756 0.9530013117822155 0.06889157243144164 0.09399737643556896
1 0.48763712349137184 0.46286508850941926 0.043329474011827074 0.12279014527198684
3 0.555087163260366 0.48575313349465105 0.045767790573019544 0.07164577172693108
3 0.6262919493723416 0.41619339056952015 0.05450308123249309 0.09624287891704776
3 0.7077196493412179 0.4787992387644562 0.051197786769028385 0.08294271846053605
3 0.7902259120932323 0.5653918462832358 0.05348488432410016 0.07160954472258821