9 0.26397794117647055 0.5740387070522113 0.05981862745098043 0.08035278858625163
9 0.5767941176470589 0.7567042547239389 0.048196078431372635 0.07132921339742135
9 0.6157083333333334 0.5744976984308638 0.04514215686274503 0.07801876859693288
9 0.7089019607843138 0.6767095445181963 0.042806372549019533 0.08386846723125052
9 0.8182083333333333 0.7374591694005748 0.0408284313725491 0.08492317082475004
3 0.5425122549019608 0.44582711528191044 0.031100490196078523 0.06807395539279264
3 0.6107573529411764 0.4427378754355179 0.05239950980392161 0.061895475700007606
3 0.6886544117647059 0.43332692454413674 0.04152205882352944 0.07237089595890243
3 0.7622745098039215 0.5191485465781643 0.04415686274509811 0.08450975305816233
1 0.40660049019607847 0.5560208539965921 0.0484926470588235 0.10941898730958016
6 0.4119362745098039 0.7564568551155871 0.06407107843137261 0.09036596220848919
7 0.5596102941176471 0.561079524935785 0.04569362745098049 0.11303232369471784