11 0.20025127606598195 0.8200048705296787 0.07844437528097663 0.10490399878294175
11 0.4865633554656431 0.8199878960104025 0.06616929833661857 0.09421181522528511
9 0.2125918093163191 0.7048834603494449 0.07275133658401628 0.08188265605759225
9 0.3017207784348307 0.5522744489510047 0.05441892312480554 0.07147418946498235
9 0.3971888837016288 0.4286884118249846 0.05230595151640904 0.07627121800557427
9 0.5733079001971159 0.7253106409362166 0.05380491752256448 0.07445891251245065
9 0.7208291506726148 0.6232434443899065 0.049671432029601954 0.07291643574132933
9 0.8397573382439396 0.720891975165121 0.06006277276342636 0.08641051722108838
9 0.6644979406577446 0.7356725194542756 0.06155836359235062 0.08011201529360103
7 0.7501869955389562 0.7148525734755915 0.06496950582702209 0.13922897517373203
6 0.4038648736037625 0.8279696676914068 0.0618377286717155 0.09180459324704845
3 0.3308108776844071 0.3646607455630474 0.04813888024345545 0.07424544507306664
3 0.25765164263236157 0.2787655629899449 0.04418638171317908 0.06852282759392739
3 0.40831811564131826 0.29283178129691345 0.04866723380710316 0.07137711872920739
3 0.47807528270567484 0.3667076815325749 0.04073003423591664 0.07933544940740168
3 0.5532236037624925 0.37743190357683115 0.04174186810526666 0.0699537575240902
3 0.6130651640903275 0.2971301557777261 0.04223978974305788 0.06439221427115718
3 0.6974988743645606 0.37110224495595334 0.0529076183559844 0.08874962067391742
3 0.7737858474253898 0.46364379687755647 0.052113787737317084 0.08100931336668764
2 0.6162007037382855 0.37083035871646275 0.054362485735034785 0.08926164859736901
5 0.26693282671093127 0.1954619706585606 0.05898874710377984 0.0867983592675835
4 0.5444773022789363 0.28354054670030804 0.046934661271916096 0.11407604433077582
5 0.7336658349759657 0.23953575883874265 0.06682624061970466 0.09146951182756809
1 0.47495230314347964 0.20738550495004032 0.0599890721720787 0.12152080394740246
10 0.3972398986755196 0.6151404261426426 0.05876864128367393 0.11902040582006489