9 0.7762578617089908 0.7202216339388343 0.05624318504182436 0.07794681479557743
9 0.6854763604611004 0.7130627645279352 0.046019021801697334 0.07695067441938759
9 0.6102123815916086 0.730780613580728 0.045744492014153544 0.08210231629369921
9 0.5294308933765153 0.5935861743785078 0.04398587766113424 0.07505615105301391
9 0.4526131548708993 0.7384892390117688 0.05816239125759981 0.07665951992766716
9 0.37001199625524306 0.760606170434816 0.05243012922018257 0.08590596507428083
9 0.30247444333665674 0.757961943951483 0.05020992447494122 0.08110649602985665
9 0.2222675381263617 0.7499287246004607 0.061378120974766415 0.0812920873191073
11 0.7920911183660349 0.8161045405358611 0.05871923575678183 0.09628893217331103
11 0.211460395284734 0.8459585873888431 0.06447529741928898 0.09297749306246898
8 0.2727518255690445 0.8522534735748605 0.05210722169004981 0.11647588163153412
8 0.6877166947957871 0.8284018040947062 0.06500444983133394 0.11357012336060272
6 0.6071254367616108 0.8327526479966526 0.055699519307002676 0.10057489176489817
6 0.362639561924249 0.8532188339176731 0.05660713024325721 0.10457087881804669
7 0.5345204543233046 0.843972561139246 0.06111198778392482 0.12333465802902002
10 0.456106083492442 0.8211632020853474 0.062075427747259174 0.12004464182140846
3 0.720509909052798 0.38577364632779776 0.044734787359056005 0.06057778970504077
3 0.6629396724858105 0.39346715260644366 0.04237851326195719 0.07118774108220688
3 0.597342122651653 0.39805542137384764 0.04334284293090224 0.06807356504927208
3 0.5322320202790322 0.403147399231461 0.03594182680716044 0.06878093946433128
3 0.4765316668730192 0.40919973875446675 0.034291812145263584 0.059831903312220186
3 0.4196580697993167 0.41860636319477507 0.038271687768937176 0.0810370070265045
3 0.36664062366278066 0.4166998233033709 0.03659637210373247 0.06648120311455452
3 0.3037003464551878 0.4217816314379566 0.042480495767599116 0.07169888662848017
5 0.7113141342855963 0.31633101001793906 0.0530084378672261 0.06692519894001261
5 0.32180279727267 0.3620798907308815 0.037913247620971535 0.07718829627705875
2 0.6559044365813236 0.33526151851370917 0.040216751054027486 0.06641883045491936
2 0.3716052921844488 0.3530741208212497 0.038622454206009356 0.072716646900114
0 0.4243640564146341 0.3548028013677877 0.03286316736066324 0.07309600465547998
0 0.5977730182003012 0.33390956095168006 0.04465243398345281 0.07923452827194162
1 0.540077277535585 0.3294597530864198 0.043548086894002094 0.095476043803835
4 0.4730432423861313 0.3375099876398928 0.049553933406751384 0.0894821124721658