9 0.24824509803921568 0.5646310114188348 0.05286274509803923 0.06479265532412705
9 0.5639264705882353 0.7332501208005902 0.05922549019607848 0.07976033162940935
9 0.6500563725490196 0.7342462297500063 0.05501225490196071 0.08174929427023712
9 0.6946740196078431 0.6496355636937006 0.04375980392156853 0.07529737290506344
9 0.8039289215686275 0.706107779557997 0.04658333333333342 0.08407029322753742
1 0.39176470588235296 0.5504771496147096 0.055588235294117605 0.11786963708959583
3 0.5298529411764706 0.42733399455761556 0.04499754901960773 0.07015406525775027
3 0.6002450980392157 0.4264192670583149 0.04853186274509813 0.07157661300577295
3 0.6712083333333334 0.41473289082169834 0.04339460784313731 0.07750443783220155
3 0.7446299019607844 0.4934808372116681 0.03827696078431364 0.07874143587396047
7 0.5451348039215687 0.546661987233285 0.04615196078431372 0.1265090918338801