6 0.7250815653092678 0.3262712544977551 0.05080187390030609 0.11005343521637091
9 0.8181324199597453 0.7514274095928258 0.06802747804978164 0.08261618002431027
9 0.4539100213498893 0.776088866454507 0.05473552071463186 0.0833377192549849
9 0.36310793089446863 0.77494663769537 0.056047090258949266 0.10160236334608812
9 0.2960602320108627 0.6831774279174609 0.052906063106605415 0.08676009813108083
9 0.1762014189599242 0.7481660631624548 0.056178588113045214 0.09614731188722495
5 0.5874821101898786 0.33240791508199674 0.03918121908304647 0.0826485102893551
1 0.5541122244488978 0.248623166787058 0.055977513196327384 0.10860847536134337
4 0.5195112997236302 0.4736166354809418 0.04999192982915723 0.11384637438148326
3 0.45736562624158994 0.4229854847615428 0.03872905200378961 0.06710109377281506
3 0.3842191764793203 0.3502671683458608 0.04752465453783386 0.08130158094702096
3 0.3009371090765408 0.40471086433291076 0.04220354609000144 0.08973631439852163
3 0.22796328866884097 0.5012364106149438 0.049202830934199526 0.07853741755122903