11 0.8773948519959537 0.851808741676206 0.08650103225456686 0.10180343527821104
11 0.5672134576889768 0.8364500845043219 0.07161232313634193 0.112180903064785
6 0.6557358655315434 0.8489239396719622 0.07004659484400619 0.11654720321466741
9 0.8455439189719401 0.7183880548288657 0.06834974240005263 0.08015859733240921
9 0.7363852542399482 0.701359103695561 0.06447582726607338 0.08582242332830589
9 0.6343759603819699 0.5119165004511631 0.05625929207453898 0.0880233040669066
9 0.45494625570522185 0.7212479151339902 0.060441385489653804 0.09446114685383548
9 0.3645117728383649 0.7259415114580287 0.0597352691494992 0.10168667710070182
9 0.2947323571500928 0.5998389227379589 0.06143203028136958 0.08588340808533566
9 0.1657121272433881 0.6947900321826543 0.061952509156176505 0.10021548043429056
7 0.26254968732745226 0.7001340033082141 0.07392964118631526 0.14232981814291223
3 0.7509477052845442 0.2769440252840718 0.043445650049294494 0.07869939885945207
3 0.6889669806946281 0.3523828968933655 0.05357416895303561 0.08013271032107855
3 0.5984174446028138 0.2760810764288331 0.05846612250372032 0.08908823463133872
3 0.5300586623065148 0.34467103987183745 0.0462209895090976 0.07933234598199702
3 0.4490035740120104 0.3473139873825816 0.060407417394666485 0.0625654402414788
3 0.38165360761200345 0.26410610372112525 0.04321700459271251 0.07517801391646521
3 0.3011374432331325 0.33146233777300577 0.04858241129530483 0.09237258859698212
3 0.22053517155971025 0.4319651446420472 0.055370916816118956 0.08783588986128037
0 0.45746226884845476 0.41682291548905037 0.05575954104264138 0.09867704540698882
5 0.738484701659169 0.1883265076565176 0.05901472550018317 0.10381106026649399
5 0.24324220387420045 0.19063200294652605 0.05571845060515646 0.09464800356764458
2 0.38109596471929386 0.34488535911732987 0.052092813025668774 0.10365518070669297
1 0.5207092180974843 0.1765070509269911 0.061893430238281734 0.1309806905967756
4 0.44033860517939255 0.17864224458627911 0.04817031986337433 0.1337606356618653