9 0.1976358668156195 0.11871763172022395 0.05952733327340979 0.10667062970632259
9 0.21611730463851114 0.23768771861055013 0.04795117086345563 0.09655658892269056
9 0.216384447269412 0.3560328086964179 0.05927613373225298 0.09461099095874773
9 0.22286112202575856 0.4779727756900239 0.07058581095830602 0.09366575146355793
9 0.21725485230983904 0.5906996571538944 0.06052380377604 0.09259711236660399
9 0.22127157954209845 0.7117136544781609 0.06691610616741787 0.0895150309754499
9 0.24549307754536 0.8401231928147183 0.06440202884035072 0.1021374213541713
9 0.2684566688495962 0.9629001883239172 0.05944117005020733 0.06104592206287103
11 0.14431346867496178 0.9590612777053455 0.08277668631303207 0.07672026655077502
11 0.09539896845880899 0.11963451184906818 0.06510544234283974 0.13208105824975222
8 0.12652086580975985 0.8462480160657629 0.07311473563011756 0.11416208354992022
8 0.09725099665712168 0.24851721530565002 0.07653444619934856 0.11530300267289305
6 0.11259465909917776 0.34390336227783885 0.05665554999122547 0.08379952791199052
7 0.09068644315180777 0.44293528758453976 0.06477754065171144 0.1432569027958858
10 0.12996791521673065 0.5641925210124612 0.05266753127795539 0.12583690751108492
6 0.11662837037893087 0.7171179316750602 0.0699801379097808 0.1138603108054755
3 0.6402169147073805 0.11052890104614929 0.06442273842084296 0.10999732881128695
3 0.6516477813303884 0.20381078303550887 0.05917855764003913 0.09084363093057009
3 0.6742230868335111 0.31964163350404623 0.05885821658940806 0.11100735855112728
3 0.6890570634890062 0.43865382314594675 0.05236170884856891 0.10418620378181688
3 0.7008756046928705 0.5469872570323219 0.06235912186310907 0.09595129824202615
3 0.7232163111915799 0.6651592822671586 0.061238393877524715 0.10113160916112071
3 0.7393534025878415 0.7721343752219126 0.07987307163860959 0.09070176138251936
3 0.7649729068488342 0.9092013009404835 0.06256824479628145 0.10064099212334499
5 0.8622874995184715 0.8822748097587577 0.07607576734251874 0.1314724953345093
5 0.7396221340489919 0.08397944400416985 0.06922894992530945 0.1087327192212536
2 0.743140626029936 0.1914413000315293 0.06262642885575961 0.09778745813840531
2 0.85496162238744 0.7669239597446975 0.059887504654775985 0.1028677113957274
0 0.8167625272331155 0.644901459723394 0.05909325389182079 0.10208550189886197
0 0.7642557417466004 0.2897444623394773 0.05214886038239788 0.09235663948325967
1 0.7916116731084488 0.3873233700607579 0.05476292444067778 0.12220618145563308
4 0.8165017947104621 0.5257606349044036 0.06552982438118227 0.13240755454434425