6 0.5603654424220789 0.8187966752042305 0.07974204334214395 0.10576365624741237
9 0.7913001625204943 0.4843986168575484 0.06094223461019796 0.07057698741066253
9 0.4538224261076593 0.7128727160589007 0.061215595945518786 0.08499255261737719
9 0.3670445630191676 0.7109967408777986 0.061068041387883416 0.09403267117244471
9 0.3010296816763341 0.6187138054406267 0.06608755746823607 0.09667302729450601
9 0.18658405435224434 0.6935338855623798 0.0677741574491667 0.10742786786478078
3 0.4679723392556174 0.3623928341571083 0.045712915827001474 0.07787475308166071
3 0.3968759101900422 0.358535477147026 0.0431458519278428 0.07484142460246077
3 0.317612685057936 0.342005346399518 0.04857664880876851 0.08219766830279517
3 0.23606539245437486 0.44728904422115434 0.04902665350444224 0.07530318174160595
7 0.45915219216274133 0.48334155337976165 0.05646191665214951 0.11451416236219257
1 0.6341491446346372 0.47674808247458 0.05930280070055145 0.12537645631137273