11 0.8634019191517676 0.8505949876639397 0.08440398021621386 0.1128215037008181
9 0.8327891138494465 0.7307859239059862 0.06682287835114845 0.07265799246851057
9 0.4813009957780977 0.7598231917932735 0.06305087873634006 0.07754795481106362
9 0.3995318601928419 0.7600891312816517 0.059104756319277627 0.084728320997273
9 0.33430444642832574 0.6566453187897676 0.04965795482108495 0.07729531229710426
9 0.22568375454609313 0.7417559278015842 0.06074053569140075 0.08794951305025316
7 0.2959931296886393 0.8560733411245293 0.06878988770797267 0.1470512400986885
6 0.2842278480462752 0.41585040903778736 0.044587948862200605 0.10431808855992733
10 0.35345669425999415 0.33463581353071026 0.03887483403094991 0.1141744708479418
3 0.7550100669668555 0.3421419555901831 0.03983206459054224 0.0699188157382158
3 0.4899938829843078 0.43255140890793403 0.04086319632243435 0.06790764835735619
3 0.4247859871366293 0.36240654460459687 0.04058963038263572 0.07056371899753272
3 0.34348854380938526 0.4215182443838463 0.04078301160425764 0.07575618750811583
3 0.2739575127920522 0.506349616932866 0.04851299637760651 0.07588583300870015
4 0.5524939041988053 0.4742939358524867 0.04395816703846341 0.11815359044279972
5 0.7366542724766876 0.26780522010128555 0.058382834358218005 0.07749144266978313
5 0.4861067406350303 0.2927104531878976 0.042906238437917764 0.09073522919101415
1 0.3697068892089164 0.2667713803402156 0.045547792932024427 0.11863228152188024