11 0.24787345679012346 0.8127644272639162 0.07572394698620188 0.1051787605718177
11 0.5289940994916486 0.8298459957783373 0.06279693173565715 0.09311708925680108
9 0.26632289397240383 0.6978497687127886 0.06296269063180826 0.08187407916041484
9 0.6116352578068265 0.7426333658293985 0.058237835875091015 0.07617405005524336
9 0.694690177923021 0.7399693350174772 0.05877033405954979 0.08545847991884456
9 0.7578898874364561 0.6437104154127423 0.0588054647785039 0.08420180565092436
9 0.8705027233115469 0.7400917327184512 0.05291557734204799 0.08165554283970362
6 0.4472606209150327 0.8308005821034278 0.051109204793028384 0.09625602604206393
10 0.4422482752360203 0.6198381616834656 0.06124192084241109 0.12341225638547682
3 0.3009940087145969 0.2793890287632563 0.050605936819172026 0.06152249547174393
3 0.5092831336238199 0.3668327820305237 0.03481290849673213 0.07415021998423232
3 0.5860295025417575 0.3924614283009645 0.035712055192447245 0.06565877097055856
3 0.7222207697893972 0.383978659975303 0.048202160493827195 0.08326812531613016
3 0.8088542120551925 0.48351584140789905 0.05071477850399431 0.072555866952632
2 0.6505398511256354 0.391304003232652 0.058344317356572306 0.08619988301416547
5 0.3068740014524328 0.20344342548087116 0.06237046114742184 0.08511949905196267
5 0.5692752360203339 0.2274082732156128 0.04659313725490177 0.048846448462653555
4 0.5821157407407407 0.30061425136130254 0.03741594045025409 0.09673585107194628
3 0.6430337690631809 0.31643227339646046 0.04042501815541044 0.05987005416952771
1 0.640540577342048 0.22825066164814392 0.05341476034858372 0.11802690222075284
7 0.7935145243282498 0.7354860490153694 0.07341512345679035 0.1295921105205307