9 0.7454365707599913 0.6125532862010271 0.06518123825661958 0.09796230219214015
9 0.3907119543290568 0.7450936394349865 0.06527321644707271 0.10062935923600888
9 0.3041220406681191 0.7405770211349068 0.059163500132563336 0.11276253986296618
9 0.24225458092702096 0.6610141425623096 0.04636342635819756 0.08854783699455482
9 0.12977008622378988 0.732749342817203 0.07137310232735068 0.1070272833478291
7 0.1945764031538542 0.8482442659042829 0.07678515290890024 0.14681827539389336
6 0.589475034869915 0.698194218398822 0.04794138626644079 0.11397507900832704
4 0.5026368704683519 0.8210191945025705 0.055124722481585266 0.12646090343618047
1 0.48777699795967766 0.3657270953352794 0.04972436513700127 0.12118770656264262
3 0.4166127877488444 0.39410129025406093 0.04536245576419884 0.0876224685043099
3 0.3517077791610471 0.3338398362712088 0.04428981337390939 0.08562726440305299
3 0.2685123162845384 0.38868098088012837 0.052555733075123054 0.09140484699222981
3 0.18406375891920562 0.48391112029645705 0.05740352042051387 0.07525774367718097