11 0.15453186274509803 0.793143612827751 0.08112254901960786 0.09212705678899319
9 0.17709803921568626 0.6724353907581191 0.060078431372549035 0.07206815696447177
9 0.5474289215686275 0.7104600595101854 0.06789460784313728 0.07649856310877141
9 0.6367156862745098 0.7110427506930139 0.05774754901960777 0.08742646423030943
9 0.6919313725490196 0.6239255359731442 0.0578799019607843 0.07921344828463163
9 0.8152916666666666 0.6915697973093257 0.05705147058823523 0.08755016403448539
6 0.7451274509803921 0.3357245237913583 0.06868382352941182 0.0952683807634597
10 0.17935049019607843 0.5738075837338826 0.06703431372549018 0.1157016352585132
7 0.7402794117647059 0.8051620253808398 0.08595098039215676 0.12592640065105173
3 0.2484558823529412 0.254352839449658 0.05328431372549025 0.08226362503496859
3 0.5280490196078431 0.35228727651890845 0.04629656862745102 0.0665407288726126
3 0.6029215686274509 0.2844151471224028 0.036725490196078514 0.08379685155514864
3 0.6822818627450981 0.35549045039546295 0.050838235294117684 0.08922662190686906
3 0.763985294117647 0.4427183438874901 0.05002941176470599 0.07813270262709492
4 0.46501960784313723 0.40566048676279853 0.04278186274509799 0.12446153454896873
5 0.3868553921568627 0.18400345871162993 0.04086764705882351 0.09456850029246461
1 0.461125 0.180435695938557 0.05214950980392152 0.1330000762951095
5 0.5364681372549019 0.20395819028000306 0.0508774509803922 0.09867012537829656