11 0.11006862745098037 0.799191882200351 0.07798039215686275 0.10422034027618823
11 0.4122769607843137 0.792040080364182 0.059848039215686266 0.0899134813458457
8 0.22800245098039215 0.8090390376643524 0.06139950980392156 0.10112784517179126
6 0.3236740196078431 0.8060149029780524 0.061561274509803865 0.09833157854581526
6 0.678156862745098 0.6903490755575901 0.0697426470588236 0.0948744945448998
9 0.13925735294117647 0.6724516670481422 0.06283088235294121 0.0753527122911422
9 0.24294362745098036 0.666852623280181 0.05941666666666667 0.07717240151572963
9 0.3323627450980392 0.49537214211235725 0.049526960784313734 0.0727615269194578
9 0.5098946078431372 0.7045354899417615 0.05410294117647063 0.07766720073243313
9 0.60075 0.7057594669515018 0.04463970588235289 0.08337041275654233
9 0.6648333333333333 0.6005267414358739 0.05270588235294116 0.08449673202614373
9 0.7811764705882352 0.6922892093283486 0.052546568627450885 0.07596470079601228
10 0.4123382352941176 0.666924238956283 0.06487500000000002 0.11312672617685192
7 0.6140294117647058 0.8016496019938456 0.0644950980392156 0.12215355662368717
3 0.21554166666666666 0.2539036138450192 0.04383088235294119 0.07485791307443862
3 0.2813382352941176 0.3352752981867196 0.040617647058823536 0.06832786551715361
3 0.362328431372549 0.2717977670964625 0.04083333333333328 0.07809363953103937
3 0.4413848039215686 0.2781194781414511 0.044534313725490215 0.07120225833524071
3 0.5106887254901961 0.3530555174080008 0.0385367647058823 0.05505943389028763
3 0.571218137254902 0.2892361842272577 0.04194362745098035 0.07715938048371096
3 0.6477328431372549 0.34417517357137406 0.04546813725490195 0.08286910302382945
3 0.7235441176470588 0.4382228325830981 0.04022549019607835 0.07239693802293946
0 0.5060808823529411 0.4159926756694896 0.04647794117647064 0.08719208565397628
0 0.2817377450980392 0.2468885328450446 0.05122058823529407 0.09338033112077515
5 0.22758333333333336 0.17598575824622975 0.04585539215686274 0.09154762086416927
5 0.6907303921568627 0.22525083288827855 0.04812990196078437 0.092426540525419
2 0.6340808823529412 0.21665695175605906 0.03776960784313732 0.08825329976348517
1 0.43103431372549017 0.18547483532972203 0.04834558823529411 0.12029154904503951
4 0.5055269607843138 0.19666966760763965 0.04536764705882357 0.11989766282647953