11 0.16199019607843135 0.7855393301289386 0.07398039215686275 0.10947107143765424
11 0.8796789215686275 0.8291695531649755 0.08533823529411766 0.11209155413138021
8 0.28650735294117646 0.8107968769868519 0.07056127450980387 0.13068558785381862
8 0.6636936274509804 0.6046609191017522 0.07003431372549018 0.11229989064367649
6 0.7597867647058824 0.7069704229292236 0.0587892156862746 0.11183438874901455
6 0.3922083333333333 0.8072909641158669 0.04912009803921569 0.11716324610259152
7 0.4847916666666666 0.8308883293914192 0.06272058823529414 0.13831591261666806
10 0.5817843137254901 0.8016658782838686 0.06062745098039213 0.13520714122224767
9 0.18962254901960784 0.669079219755347 0.060617647058823554 0.07837359171943731
9 0.3012696078431373 0.6654626281122047 0.06087254901960781 0.0939272144655528
9 0.3937647058823529 0.6857070776429898 0.07919852941176475 0.08559049871569889
9 0.49325245098039217 0.5202162712036825 0.05268137254901961 0.09314920780244659
9 0.584985294117647 0.704389003331553 0.05477450980392162 0.06761170875613524
9 0.6829950980392157 0.71957803718115 0.049813725490196026 0.09473451845070072
9 0.7493186274509803 0.6083002975509271 0.04765441176470597 0.08051555148648305
9 0.8727132352941177 0.7079144477505658 0.059154411764705817 0.09419414562193221
5 0.28775735294117644 0.17701116451768775 0.04610539215686271 0.0968569466697185
5 0.753703431372549 0.2404040588998245 0.050345588235294114 0.08691864398158741
0 0.4168627450980392 0.20254866356399887 0.042058823529411704 0.07956827140713613
0 0.6315808823529412 0.23253610030263727 0.042571078431372644 0.09396953281961296
2 0.6916593137254902 0.2394567788204776 0.040183823529411855 0.09804511584140788
2 0.4074877450980392 0.3278760967421988 0.050269607843137276 0.1023550774395361
3 0.340453431372549 0.3419941507082729 0.03875245098039215 0.08501757330688442
3 0.27271813725490196 0.25998118053966074 0.04053186274509801 0.07724727244983597
3 0.4244264705882353 0.2715861753261616 0.03267647058823531 0.06139091070929019
3 0.5044387254901961 0.28670684875766134 0.03338480392156873 0.07210396480252286
3 0.5701053921568627 0.3724145367615269 0.03726715686274518 0.08401495384145882
3 0.634031862745098 0.30480282800539155 0.037669117647058936 0.08550911726558325
3 0.7193112745098039 0.35957254393326715 0.046463235294117666 0.08436977696396325
3 0.7721642156862745 0.31360830090791186 0.03970343137254906 0.07707799903359525
1 0.5007598039215686 0.19434541339233485 0.04318382352941175 0.11524915439586993
4 0.5679313725490196 0.21607100531522594 0.040379901960784226 0.1261477581953664