9 0.20494362745098038 0.1799343862058442 0.07165196078431368 0.09945138729940745
9 0.22079166666666666 0.2951216906996261 0.059230392156862766 0.09544416469570964
9 0.21674019607843137 0.4158559548332952 0.06092892156862745 0.0992788586251621
9 0.22262254901960782 0.538738689250019 0.06044117647058822 0.09438946110221004
9 0.21332352941176472 0.6557619592584115 0.06635294117647061 0.08429490602985683
9 0.2145514705882353 0.7851389333943694 0.06880882352941176 0.08913872994074404
9 0.23327450980392156 0.912416266117342 0.07439215686274514 0.10280104778617023
11 0.09962499999999999 0.16592050049591822 0.08160539215686274 0.11373545942371759
8 0.0909313725490196 0.2951216906996261 0.0740171568627451 0.10520993870959539
6 0.11142401960784314 0.4021350423437857 0.0635343137254902 0.09136858167391465
7 0.0869264705882353 0.5045975432974745 0.05375490196078431 0.14329645736374969
10 0.1259705882352941 0.6275518933903003 0.0681200980392157 0.12878777243712022
6 0.1129828431372549 0.7848557259479667 0.0985122549019608 0.11461437908496741
8 0.11690196078431372 0.9240375371938658 0.07694362745098038 0.11302581317870847
3 0.6549019607843137 0.1609399557488365 0.062254901960784315 0.08099407441316346
3 0.6613235294117646 0.25909249510439714 0.053041666666666654 0.08523567559319446
3 0.6838872549019608 0.3758618549884286 0.07120833333333332 0.08439581902800028
3 0.6986348039215686 0.49830512957452755 0.059034313725490284 0.09164853386231281
3 0.7138872549019607 0.6116336817476667 0.07728186274509796 0.0936895806312148
3 0.7303995098039217 0.7267981994354161 0.07354411764705882 0.08964003967345692
3 0.7439754901960784 0.8503710485491213 0.07128431372549016 0.10241367208361954
3 0.769287109375 0.9711413748378729 0.05908203125 0.05771725032425422
5 0.7585759803921568 0.1502887515576918 0.05391666666666661 0.11177253884692658
2 0.7637549019607843 0.25174863304595513 0.07162990196078423 0.09659001551333893
0 0.7846960784313726 0.36183820350448864 0.04978676470588228 0.09867012537829656
1 0.8062205882352941 0.46628966709900566 0.056066176470588314 0.12202009104549731
4 0.832985294117647 0.5976035197477175 0.05812990196078438 0.12097189796800686
0 0.8249558823529411 0.719919839271636 0.06657843137254904 0.10193189389893448
2 0.8670049019607843 0.8451789120317388 0.07224754901960773 0.1017919178047354
5 0.864013671875 0.9571984435797666 0.06396484375 0.08560311284046693