11 0.0952892156862745 0.7889182879377431 0.09744117647058823 0.11622247653925388
11 0.5597598039215687 0.8057544823376821 0.07785294117647057 0.1173487958088553
8 0.23412990196078431 0.8030754049998728 0.07120343137254903 0.11849790188448919
6 0.3399705882352941 0.8028247501335164 0.07699999999999996 0.12125185015640487
6 0.7476348039215686 0.6683305104142825 0.06389705882352947 0.1126807558302178
9 0.12581617647058824 0.6513575951781491 0.07516176470588237 0.09826972864372713
9 0.24444362745098036 0.6375325144324916 0.07222303921568629 0.09991363393606469
9 0.35115686274509805 0.43944680959283844 0.06261029411764707 0.09763169807482001
9 0.5378382352941177 0.3619619033086646 0.05851715686274517 0.0924070089773912
9 0.5601299019607843 0.6769439230945297 0.07859313725490202 0.09410299839780281
9 0.7243235294117646 0.5559231962564533 0.058943627450980474 0.09946440833142603
9 0.8612279411764706 0.6622269016556038 0.07539705882352932 0.09721828030823229
9 0.6588970588235294 0.6827708349228149 0.05063725490196069 0.09599104804048714
10 0.4405735294117647 0.6441471986978968 0.06497058823529411 0.13918832176190835
7 0.679218137254902 0.7877333740240584 0.07788480392156871 0.1431564812695506
5 0.22460049019607842 0.08338017853055618 0.05213970588235295 0.10165845222654563
5 0.7548333333333332 0.12877149614709696 0.051330882352941254 0.0947768368047608
3 0.21403676470588234 0.17381775641514713 0.045720588235294124 0.0807011011927469
3 0.2871813725490196 0.2585846748556751 0.05230392156862751 0.08096152183311717
3 0.3805343137254902 0.1843778133821622 0.05028431372549025 0.07903440909437706
3 0.4719093137254902 0.19369110653340454 0.04430882352941179 0.09766425065486634
3 0.5443063725490196 0.2832660410467689 0.05675000000000008 0.07824012614124767
3 0.6175490196078431 0.2021189695073879 0.051274509803921564 0.08196739655654738
3 0.7080343137254902 0.27150153861804127 0.045970588235294096 0.09052546985071594
3 0.8046299019607843 0.38007741410442253 0.0714607843137256 0.08957167925535972
0 0.29004411764705884 0.15791582106253657 0.06048039215686274 0.10749187457083999
1 0.46409803921568626 0.08331181811245898 0.05809558823529415 0.13407105617863233
4 0.5449534313725489 0.10545733831794714 0.045789215686274476 0.13604699778744184
0 0.6884313725490196 0.18915653213295694 0.04367156862745092 0.09836413112586151
2 0.6888774509803921 0.11862485694666973 0.06044607843137251 0.09402161694768699