11 0.837774613243391 0.7352280048742662 0.07708602596972729 0.11212246337909354
9 0.8099035173699837 0.6144264846486183 0.06349385712227092 0.08103318079948199
9 0.4384052373186777 0.6889086518223109 0.054509295998105216 0.08471335395522842
9 0.3549819701438023 0.6959129790116829 0.051747196790380326 0.10329986450903705
9 0.28550726287750056 0.6099851897299554 0.05425353085278349 0.08021883068742487
9 0.17226585227702376 0.6904367853703846 0.052993606727417715 0.08318871079070501
7 0.24522630701119866 0.8067762865250403 0.0779822540673112 0.13392798016207794
6 0.4398134522673218 0.5731300116743786 0.06328694394151468 0.11318964814956839
10 0.38337701475118185 0.18229802217279784 0.057945917565163346 0.11162682891496455
3 0.7282759936252752 0.2087527298446541 0.04828327291041568 0.07399787645610174
5 0.5924154842465256 0.14413613177561332 0.04465233923009645 0.07784166134076399
5 0.5853040078870813 0.22478864261915113 0.041490019161269966 0.08992973217100833
1 0.5152926595072286 0.15541159768557575 0.04279578195245197 0.12896705439237843
4 0.5180117507237196 0.37463386251501907 0.05092109637277023 0.11926029773926076
3 0.4533774969931216 0.33542572964866085 0.05411144925116969 0.07909318199248395
3 0.387053969721484 0.26331462365041625 0.044032238872410014 0.06663643939974946
3 0.30042427874154826 0.3363598435462843 0.04623879536534118 0.07943458513348843
3 0.22446157402057088 0.4391616739525014 0.04833322061998041 0.08477727160399127