7 0.5528668678386002 0.5578266734459489 0.04648292735125046 0.10079056960173612
6 0.4910566594330376 0.699305565165851 0.03829678082103836 0.08110291575416183
9 0.2841157380655821 0.6223318458679044 0.042880063005337477 0.07106435451480314
9 0.574403516656608 0.8061307412993687 0.057231857073761674 0.07326271442084001
9 0.6109784985725354 0.6332448693804625 0.04337955836340209 0.07046635970530943
9 0.6976116046243862 0.7248269588196475 0.04061198043067905 0.07024314482951938
9 0.8006628058776446 0.7917119426147011 0.04531902701268232 0.07191515974393997
1 0.357194423685213 0.60508838157891 0.04330334929868031 0.09620481158613413
3 0.5467572128698673 0.495665754114674 0.038811178311097316 0.03874468749497005
3 0.6177503122445223 0.5653291801707887 0.04673286678565776 0.07149037521812532
3 0.6708392670493214 0.5032545023997333 0.043774684010255506 0.07050150592855806
3 0.7447563619553912 0.5778857865150986 0.03628680098103411 0.06659271265027329