7 0.7589928283082455 0.7332354671532223 0.08366954558065402 0.14847885967842792
9 0.729793157793994 0.6401477278373123 0.04932044123561462 0.09963603594342944
9 0.8631180604214922 0.7536092856714552 0.05403012945004693 0.08599844781949482
9 0.15459889927672285 0.676890862522379 0.0612256714992677 0.09154896307146722
9 0.261949409743057 0.6765327576902321 0.07513037613422023 0.1059604348161281
9 0.3724277464852344 0.4882667626071836 0.06371769179318089 0.08775256940696774
9 0.5559802205317798 0.7446746468618028 0.06477793735899533 0.09049701642124751
9 0.6581037209092258 0.7590799784133837 0.0564756260121685 0.11031339312483415
11 0.12017684351792708 0.8049393261891913 0.07629440540941615 0.10795862907854283
11 0.44617226598876913 0.8424868261677758 0.08458647602948166 0.11945592132877586
6 0.3546359152369954 0.8395206743247757 0.07016846873003885 0.11857063706216432
8 0.36316027416999486 0.5871407567308269 0.06114980202896112 0.10238771961383947
3 0.2408464652330165 0.20837198194262416 0.04932137721601754 0.0902325495335749
3 0.30824200943292757 0.30372698755343114 0.05574765348938739 0.08840035977693836
3 0.40147980738417993 0.24121214675472635 0.05161750231736881 0.09143427303643165
3 0.4901120862340768 0.24987069616837562 0.038053990068112414 0.08528728188523117
3 0.5586966558917085 0.33837675498333886 0.043910970025829825 0.06954404611997711
3 0.6275341604888087 0.26397428108858223 0.040269675912484114 0.07621448873127235
3 0.7160746582015499 0.3403778000496835 0.0411521953170869 0.08164307729207883
3 0.8006945542371825 0.4614141632188043 0.060766270294451016 0.08316891527253102
0 0.5532227121494644 0.4181470733859292 0.050352166927975436 0.11190962403309958
2 0.629128850864685 0.34495991913585 0.05387646349095727 0.09411073934160818
5 0.25480953099897413 0.12248120679464446 0.06443046839883262 0.09190816436666413
5 0.766518000632303 0.2077485330523647 0.06132438990293926 0.11222715973239453
1 0.48486701722917974 0.14282059637310582 0.05187627336993807 0.12359616580577183
4 0.564636442586248 0.164362586624864 0.04610903741555871 0.1355373062986662