11 0.1759046449032288 0.8226689431015659 0.07509994351650127 0.11171942748504257
11 0.6117416496639809 0.8237019883403517 0.06766016760613705 0.11425090882300318
8 0.30475057866768107 0.8348123623274518 0.0661503567682216 0.12105470275359445
8 0.6745536979400814 0.5900350914659525 0.0685366624015862 0.10914054976208999
6 0.7849922634897579 0.6876314494762918 0.08178509988357473 0.11049549851072991
6 0.4097423274659658 0.8158488849851168 0.05966387476801417 0.10036707474479543
10 0.496569647035769 0.6781845048955024 0.06502077901119298 0.14275289027434523
7 0.7274933159271939 0.8070834685779841 0.07790080575440046 0.16843274154828575
9 0.2028597140090604 0.6950696691266172 0.07186934559832163 0.09235544456595897
9 0.3164960294405828 0.6846148594020148 0.06780895205818954 0.0956774290216746
9 0.4021848998858803 0.49267115944899403 0.04914147387350003 0.08854276668360223
9 0.4982960778550104 0.5078929187680536 0.05176619981325859 0.08974489577024393
9 0.6051831454392457 0.7046007514761138 0.06192312250002889 0.09067535906569721
9 0.7028240902122166 0.7035825987448607 0.058051074915563085 0.09570694459992557
9 0.7632883246302635 0.5807085606467249 0.059594139548823574 0.08719790956835564
9 0.897838105036253 0.676639848135614 0.06764069117358865 0.09599149436967015
3 0.2693343091145924 0.2559314336889784 0.04766069324849283 0.08277441842886572
3 0.3408291207017787 0.33715149563265495 0.046924425078673476 0.08595022116590749
3 0.42497535071641823 0.26209698079592936 0.04240039653721569 0.07136440621044203
3 0.505067052253 0.26427843921836536 0.03334287789189739 0.08530612021512846
3 0.5753177513803875 0.3467136611927746 0.04244964092632943 0.08113460148515562
3 0.6423173433159272 0.2727737574666816 0.048600412675358126 0.08154654587936769
3 0.7266649035745987 0.32337524032596504 0.049327256169957555 0.08355105779783245
3 0.7860979936830699 0.2603234986982642 0.04485191870987088 0.08538048477576751
5 0.2788713611370474 0.17656012469107096 0.048662530691288904 0.08979292900588723
5 0.77043062385448 0.18932312611767002 0.05515354981498775 0.08187714485003489
0 0.3385749265138154 0.24156753669115136 0.03968389528650964 0.09630100378608478
2 0.4122695421378428 0.32932945099378746 0.05319105946905508 0.10299692501408894
1 0.4954295748752176 0.1660912552636338 0.049018528893038746 0.12036719798152022
4 0.572226716118546 0.17722796057572984 0.04802115479936847 0.12579916662121834
2 0.7068988144228885 0.18544656721616085 0.040408156678309194 0.09539618597646442
0 0.7144516679922998 0.25459897066717185 0.03934420121958245 0.09084272831564676