11 0.16233333333333333 0.7973559166857406 0.07221813725490195 0.10380692250960037
11 0.4653235294117647 0.7938597695887692 0.06544852941176471 0.10332188906691092
6 0.3773504901960784 0.8028963658096183 0.056171568627450985 0.10512204674347053
9 0.18599754901960786 0.6748442816815442 0.0656200980392157 0.08013468629994158
9 0.28219362745098037 0.5182468401108822 0.04968137254901961 0.07293731085170782
9 0.3784313725490196 0.4781713588158999 0.04362990196078431 0.07741980112408123
9 0.560470588235294 0.68977940540678 0.0572156862745099 0.07745886422013686
9 0.6504436274509804 0.697054907047125 0.05824019607843134 0.09851712825207903
9 0.7153455882352941 0.5748687978433916 0.05324264705882342 0.08526497291523617
9 0.8402303921568627 0.6690987513033747 0.06281617647058835 0.08166791282012148
7 0.7435539215686274 0.6742713562727295 0.06643137254901954 0.12456570280511688
10 0.3771642156862745 0.5818057526512551 0.058250000000000024 0.11541517255410597
5 0.26 0.1600870781516238 0.05186274509803923 0.08579232471198597
5 0.731595588235294 0.180549629968719 0.05142647058823524 0.07789181353475239
3 0.2477598039215686 0.23963256275272757 0.04208823529411765 0.07236113018488845
3 0.31683333333333336 0.32532397446657 0.045428921568627434 0.07447053737188779
3 0.39477696078431374 0.252695913125302 0.04445833333333338 0.07569776963963279
3 0.46822794117647054 0.3267823300526437 0.04184803921568625 0.08389125403728287
3 0.5455441176470589 0.33798367284657055 0.03716666666666657 0.0802551308461127
3 0.6104705882352941 0.2516607410798301 0.042022058823529385 0.06711365428142721
3 0.6948357843137254 0.3181168332443224 0.046534313725490106 0.08934706645304032
3 0.7780931372549019 0.41560855522494344 0.04623774509803913 0.0792525113806871
2 0.6128578431372549 0.32490404618397295 0.04434313725490191 0.08338994430457014
1 0.47208088235294116 0.1620695302764426 0.04465441176470586 0.12556832227054243
4 0.5453946078431372 0.23970417842882935 0.03931617647058827 0.10830568907199713