11 0.18180999066293185 0.8083454241189962 0.06222720199190787 0.09845277517047929
9 0.20469203236850295 0.6854169597844505 0.07313040771864303 0.07307613828921017
9 0.5752765328353563 0.722673972078462 0.06484905073140357 0.08714443860792252
9 0.6672877373171491 0.7179290428199778 0.06212511671335194 0.0880954035954889
9 0.7347685963274199 0.6283233479055018 0.05267600373482722 0.08246919550721754
9 0.8506403672580144 0.7025597301039187 0.0628197945845004 0.07843072957480451
7 0.7823702147525677 0.8331171998472937 0.08375723622782448 0.13328649725444255
10 0.205292094615624 0.5834106559580843 0.05939371304077188 0.11988128093476211
6 0.7772833800186741 0.33635304336344407 0.051854341736694703 0.1003560033411696
3 0.27717009025832556 0.2551939476224785 0.03881730469965764 0.07342226661806082
5 0.41664596949891064 0.18063139991369603 0.05632866479925303 0.09799581033408827
5 0.5676948334889511 0.26802653722983366 0.03972113289760359 0.09222680073444502
1 0.49687752878929353 0.17974600604893307 0.044992219109866075 0.12523692547335627
4 0.4947910052910053 0.4183123909359773 0.040821661998132676 0.1291797658310874
3 0.5618535636476812 0.3592673706851598 0.03800062247121075 0.07247416745842437
3 0.6324567382508559 0.2822035675500864 0.03977591036414557 0.08268905594736793
3 0.7190175848117024 0.3462644970114138 0.05603236850295671 0.0859972746313183
3 0.7959724556489263 0.4390850385066923 0.050589480236538975 0.08569381529608855