11 0.8103981994398575 0.8400217815688735 0.06349590251293703 0.10719862293461468
9 0.7798228596947037 0.725042099911093 0.05476040422717875 0.07360518406792922
9 0.4320061858229431 0.7425987776461689 0.06210518295945317 0.08195195155274922
9 0.34597150264020327 0.7383898598601157 0.05210780646974651 0.09449285117108312
9 0.28507582127371794 0.6503003839384032 0.04909390506111489 0.08331741868411853
9 0.17499861177098353 0.7054290772506792 0.05504721548082237 0.08171126052043273
7 0.24551663263864826 0.8184299780620153 0.0847885106571189 0.14323104002333006
6 0.43952387311615326 0.631661905451736 0.05976337500873894 0.1006621768123928
10 0.7760267607181125 0.6321849297312242 0.059114292195813004 0.11415027926666334
3 0.7074007262164124 0.36531442102940936 0.043057610220104806 0.06576876398345338
3 0.450846881906368 0.42753171975053 0.03466635848838554 0.06810562424786426
3 0.38043717543191324 0.3598511708937764 0.044581170592372946 0.07380966237091188
3 0.3042896550543378 0.4136981178023384 0.04928593437229365 0.08122328550909483
3 0.229785186041236 0.4865622013352156 0.04630054059606816 0.07364047572382558
4 0.5079276905319356 0.4735286001444857 0.04412086638046038 0.11041971369841098
1 0.5074957113282627 0.2859088981867313 0.046687046382258054 0.12094683167969977
5 0.5716984058907707 0.3495650832876489 0.04095220925305306 0.08547542103035631
5 0.5806965725153482 0.2796943429919169 0.04654719279547659 0.06903108490293611