11 0.10952646655369966 0.8294608136876962 0.0969433897015596 0.12879829229110287
11 0.9253584085486046 0.8023288694465734 0.11472173923067182 0.11959962148720346
9 0.9093739196089959 0.6598958986473621 0.06404854353263952 0.1095079635992398
9 0.756098416156586 0.5482766526685822 0.06854855851805737 0.08953833571099848
9 0.6915693801800555 0.6843560339589894 0.0785158626413529 0.11536667116365876
9 0.5832071757097901 0.6926445961940136 0.06786419061451747 0.0965518494598348
9 0.47405438669294875 0.4647726973246723 0.05651656810872505 0.0918136561216982
9 0.37602286198429985 0.6777424379247625 0.06535940334981728 0.09667794588874426
9 0.2628223132874549 0.6639707630439089 0.07638522207236809 0.10037268392937626
9 0.1352280169681041 0.6792613757160504 0.07472216343327452 0.10098452594525342
8 0.2522876289610494 0.8280265280444877 0.08390078269991126 0.14654528691289131
8 0.6631247697432883 0.557571463426536 0.07952598125670028 0.11113457813906799
6 0.3671471418196908 0.8227753760011788 0.08176549434588652 0.13178899193698862
6 0.7870796290532673 0.66063733977073 0.08104446058258681 0.10861404573345462
10 0.4691800036887182 0.648635595320449 0.06955910133600768 0.14185777219002574
7 0.47187804290440455 0.8292152342789455 0.08456443845027714 0.1529874231564487
5 0.23406619059146289 0.08603002192044532 0.07215387488328666 0.10372805405576077
5 0.7677252746366037 0.10801596795845161 0.05672512824059644 0.09313348010750674
0 0.3793529446346439 0.09816180637482143 0.05309395396018488 0.09897051025553444
0 0.7113702170580167 0.17484078025686436 0.04654504040299239 0.10939406530972316
2 0.375265900104898 0.25666183326109443 0.06567139514241908 0.1182443543132375
2 0.6911047861119757 0.0994472894139845 0.053541211052322166 0.09961583591910388
1 0.4716852335996127 0.0822365720288994 0.05498503072010701 0.14058056820932638
4 0.5516122154211478 0.08665063287990254 0.05270145589099819 0.14237058392966317
3 0.21318918859724958 0.1799281882000836 0.05339377298244394 0.09189230717710399
3 0.2971319857984346 0.2659320272919591 0.06025619070673533 0.08414727247850291
3 0.3858466380791 0.17565274034270908 0.042252294498046086 0.07866479668332463
3 0.4847096552201126 0.18749644785450412 0.055581717789996744 0.10399109786890408
3 0.5581224712107065 0.2799348544648914 0.06352710631577722 0.09639440038348825
3 0.6268110534748877 0.19357450147970182 0.047951493354543476 0.10385934326690223
3 0.7195912819448768 0.25927353328683256 0.05035768117946755 0.09373861069729207
3 0.7876543866929488 0.18542501762916655 0.04881371281022702 0.0837432642231733