11 0.14706862745098037 0.7830458024973933 0.08335294117647057 0.0947149869026729
11 0.4556838235294118 0.7920563566542052 0.06823039215686277 0.10622883446504412
6 0.36783333333333335 0.7975512321660182 0.0665490196078431 0.11070481422140846
9 0.17509313725490197 0.6525229775438061 0.06587009803921567 0.07455842933801272
9 0.2833774509803922 0.6441048803438366 0.061852941176470555 0.08050904097047383
9 0.37974509803921563 0.4632297245746548 0.053605392156862774 0.08334762595050998
9 0.5643357843137254 0.6860033061214109 0.057593137254901894 0.08943821367717002
9 0.6545686274509803 0.697774319066148 0.05668872549019599 0.0966974390274916
9 0.7205857843137254 0.5775218331171638 0.05881862745098032 0.08080852470689964
9 0.8517720588235294 0.6823053330281529 0.058938725490196076 0.09505678899315889
7 0.7554387254901961 0.6800396734569315 0.06970098039215689 0.13610559243152529
3 0.25706862745098036 0.21982106253655806 0.04109803921568633 0.07505648381272091
3 0.32091911764705877 0.29989389893441165 0.05114950980392152 0.0756912591236235
3 0.40901470588235295 0.23092149233234147 0.055774509803921624 0.08423631138577353
3 0.4790294117647058 0.30466610716919706 0.043845588235294164 0.07546990157930879
3 0.559860294117647 0.3136571297779812 0.058446078431372506 0.05764085348795813
3 0.6246495098039216 0.23598016327153426 0.040968137254902004 0.07156359197375452
3 0.7067426470588236 0.30944808117799655 0.04583578431372559 0.08828585234353142
3 0.789843137254902 0.41596988886345715 0.05272549019607853 0.08323043666234325
0 0.5533651960784314 0.38229424480557467 0.05281127450980394 0.09400859591566843
5 0.2670220588235294 0.13244668243432262 0.05591176470588233 0.09887195137458357
5 0.7605098039215686 0.17358012258080924 0.05288235294117638 0.08999486279596142
2 0.6274509803921569 0.3165608199181099 0.0490196078431373 0.09925932707713436
1 0.4836691176470588 0.13773973194984868 0.0580245098039216 0.1257343404287785
4 0.5638039215686275 0.14617085018183665 0.04427450980392167 0.1295820553902495