11 0.16819894448938708 0.7764972773985734 0.0863974295648551 0.11451512130275836
11 0.5733204520518823 0.789628754761357 0.07373089130580557 0.09169128511900193
8 0.2840147897039919 0.7930940511797939 0.06995011449679203 0.10844512615998174
6 0.3803193611578372 0.7869749725183425 0.08024788947813725 0.09947593118081646
6 0.7392853864997938 0.666438939591482 0.07553377534088668 0.10382473093539901
10 0.4651171308602027 0.6507747526650818 0.07138062785617763 0.11830436894444867
7 0.6808771741193022 0.7829403072832783 0.07700883073450594 0.13394565022880073
9 0.18893401931535914 0.6597701255208733 0.08167946205768929 0.08721159598128686
9 0.28983027366516717 0.6425712605772427 0.06741191251731722 0.07572278037681823
9 0.377847123027338 0.4648267505176777 0.055340126381630377 0.08017629163790677
9 0.5397001465273588 0.39724528977171053 0.06390731823545096 0.08244395020068003
9 0.570941060047682 0.6774172866017333 0.06495696889539497 0.07996686862489462
9 0.6625238471492795 0.6834022036454738 0.04765599542298191 0.0723032952424778
9 0.721442347976082 0.5756082521665772 0.056101249120764626 0.08577508500140602
9 0.8463169727761585 0.6672602704706393 0.07004358154525737 0.10219188588081922
5 0.2523456590378274 0.14187028657616893 0.05426657021827874 0.09220175371321933
5 0.7353781607178271 0.18853889613211647 0.05713994233071232 0.10725076053889611
2 0.6745623956866454 0.1652242247616126 0.038846863073250776 0.07589620880946901
0 0.3108231590271268 0.21532868062479227 0.05076712593791067 0.10164215047166196
0 0.6691404120172408 0.2429594294040954 0.044060563880649356 0.09007807347189202
1 0.4662239246218752 0.14616345834292 0.049609635707590236 0.11606288825830201
4 0.5409392697601488 0.15816928701076258 0.04709101103877492 0.11716235907661628
3 0.24349247773911284 0.22353544494720964 0.04385945814839074 0.07413901884091315
3 0.31808588472134836 0.3085906383413861 0.04860016236429806 0.08195638724851095
3 0.3919315918406947 0.23907855919421225 0.04032060357287062 0.07468220978091367
3 0.47928049331353 0.24390837743180716 0.046706094082834285 0.08433857402152518
3 0.5460894173575709 0.3277986553161029 0.04225123321248739 0.06881836541657083
3 0.6083818266126213 0.2555019045427819 0.04764883655565099 0.07697931845489175
3 0.6931308356625049 0.31318158345476393 0.0453100601661022 0.0758667586982641
3 0.7793617667746717 0.41182309481810975 0.0480147058110154 0.07839292379272436