11 0.1667598039215686 0.8591439688715953 0.0688137254901961 0.10693522545204859
11 0.8887254901960784 0.8905506981002518 0.07646813725490187 0.1013882658121613
8 0.2895220588235294 0.8730960046794334 0.05943627450980393 0.12181826504921026
8 0.6578700980392157 0.6615758500546781 0.07554411764705882 0.10243320363164707
6 0.3937450980392157 0.87570997685715 0.064453431372549 0.11076666412349628
6 0.7619901960784313 0.7630096894789044 0.06809558823529405 0.1164894076956333
7 0.4842475490196078 0.8918528013021032 0.06163235294117653 0.13328653899951678
9 0.19179901960784312 0.7321335673050023 0.05761764705882355 0.08403774064749117
9 0.3021470588235294 0.7312937107398083 0.05282598039215691 0.0986375727982503
9 0.3940441176470588 0.7404572620228377 0.0625955882352941 0.07789832405076161
9 0.48693872549019607 0.5729677271686885 0.04250490196078427 0.07820757356120134
9 0.588796568627451 0.7717923755753923 0.0525955882352942 0.0917396810864422
9 0.6833014705882352 0.7821571170621296 0.047975490196078496 0.10921716131329326
9 0.7437450980392157 0.6674418249790188 0.06101960784313731 0.0848645761806669
9 0.8686004901960784 0.7609881742580299 0.07053186274509793 0.09617659774675122
10 0.48032598039215685 0.7336277307291269 0.05133578431372554 0.12608916355128302
5 0.285688725490196 0.23628615752396936 0.046865196078431426 0.09170712850639609
5 0.7570024509803922 0.2841872790620788 0.04587009803921571 0.07357534142061493
0 0.4142647058823529 0.2565013097327128 0.03195833333333331 0.08330856285445436
0 0.6266568627450981 0.2733635461966888 0.04007843137254907 0.09098771648737311
2 0.6966421568627451 0.27835711197578905 0.04279656862745096 0.09446758729432107
2 0.4123970588235294 0.3929487042547239 0.060088235294117665 0.10554848554207669
1 0.4957990196078431 0.24511116197451743 0.05042156862745095 0.1158676534167493
4 0.5723921568627451 0.25634831260649527 0.04184313725490196 0.12532092266219072
3 0.27428431372549017 0.3117495485872689 0.03876470588235292 0.06684672312504764
3 0.3405833333333333 0.3933816535693396 0.04636274509803917 0.07711380687164619
3 0.4232794117647059 0.32422044200300093 0.03773529411764709 0.06249118791485463
3 0.501924019607843 0.3361509625899647 0.033259803921568576 0.07984171307952498
3 0.5676151960784314 0.4160870781516238 0.03719117647058834 0.07370229648279543
3 0.6320710784313726 0.34924361028458073 0.0362009803921568 0.07347768368047602
3 0.7115 0.41043920551359325 0.04554901960784319 0.08519010198112961
3 0.7727696078431373 0.35749243406830955 0.045539215686274614 0.07370229648279543