11 0.7952448754427733 0.7843715182301259 0.0784803050539071 0.09835992351408801
11 0.5075638658227358 0.773607053150856 0.07904024156553048 0.09856508393367547
6 0.5889825987650735 0.7865347179986506 0.06485848673131638 0.10256498114026423
9 0.774891431004781 0.6603475369080694 0.057244836730348615 0.08152336789285869
9 0.5096871648955732 0.32476576141839675 0.04010731084141457 0.07374006401745206
9 0.4094139326016686 0.6748424129420711 0.05731420939550557 0.07738214878204065
9 0.32030474420765337 0.684371529651616 0.05466566014362316 0.09849149908009411
9 0.25364504577744235 0.5671690104516152 0.049237249095097094 0.08418545834915687
9 0.13589237945918745 0.652287680685594 0.05928389756692419 0.09874490387388388
10 0.5821295704856474 0.5689599001000332 0.0537910690436096 0.11818482826361937
7 0.21742260418481313 0.6524843130592366 0.0705817316067591 0.11798746491461007
3 0.7125749569324275 0.23579740941568608 0.03817974178812696 0.07640836776436703
3 0.567687668157095 0.2401858200296768 0.04798358593190484 0.08346922431901747
3 0.415900276793837 0.3232625105767758 0.03938385304763555 0.0799181459875829
3 0.1903994735110234 0.3993264671141987 0.05185111201440113 0.07720890762013266
3 0.26970977295162885 0.3098438739410137 0.0443638193678262 0.08415305177456646
3 0.35387120376284764 0.24247097085521266 0.03460952712773155 0.06564426817278049
2 0.35068253876081523 0.31076307546464044 0.05089228267812554 0.08493129688164776
4 0.41886100303892526 0.22599283682212265 0.04016925072101887 0.10881128747795417
5 0.6996270444999322 0.15521212657676053 0.049207517952886935 0.08810494826540875
5 0.42881102529856957 0.15206954164608422 0.043295975843446854 0.05552890921914126
1 0.35096250701662707 0.1428929987217449 0.045379633393337664 0.12059022453697754