11 0.14445588235294118 0.7600213626306555 0.08303186274509805 0.120278528013021
11 0.8893799019607843 0.793257546857913 0.08268137254901964 0.11187996236107925
8 0.2733627450980392 0.7706367589837492 0.06878431372549021 0.12198428320744652
8 0.6499705882352942 0.5697385112280969 0.06464950980392148 0.10122550291193001
9 0.17808333333333334 0.6375943643345795 0.06695098039215686 0.0902748149843595
9 0.29115686274509806 0.6295766638691793 0.055352941176470605 0.09377421733933528
9 0.48519852941176467 0.48163495333282463 0.046377450980392254 0.08109498741130687
9 0.3924142156862745 0.6506121410950891 0.05688970588235298 0.09352356247297869
9 0.7477794117647059 0.5720367233793647 0.059284313725490145 0.082856081991811
9 0.8739705882352942 0.6586265863024846 0.054313725490195974 0.09002090485999853
9 0.6807671568627451 0.6870612649729152 0.057612745098039264 0.10456865288268359
9 0.5821544117647058 0.6664196739655655 0.056463235294117675 0.06979598687724116
6 0.38367401960784314 0.7702949568932632 0.05656372549019606 0.12129742376846987
6 0.7632671568627452 0.6620348414333308 0.06917892156862737 0.1033479311309478
7 0.4754754901960785 0.7894000661224282 0.053892156862745066 0.1464866102082857
10 0.5738063725490197 0.7603533989471275 0.06932598039215687 0.13722214592711263
3 0.3330441176470588 0.31217598738587526 0.04844117647058821 0.08072714325678386
3 0.2601911764705882 0.2325393555606419 0.042441176470588204 0.06793397929859364
3 0.4210980392156862 0.24185264871188425 0.04317401960784317 0.06377701482668294
3 0.4968529411764706 0.2545058365758755 0.03292156862745088 0.07605910327814652
3 0.5625514705882353 0.3365969329365987 0.04422303921568638 0.083995422293431
3 0.6289926470588235 0.2657299661758348 0.03984803921568636 0.07246855369904119
3 0.6977549019607844 0.2729338521400778 0.03766421568627454 0.07711055161364158
3 0.7700931372549019 0.27269621830574 0.047539215686274616 0.08639780270084688
5 0.28063970588235293 0.15886635639988808 0.05637745098039215 0.08986139721777167
0 0.4014975490196078 0.1719459830624857 0.04563970588235289 0.07370880699880472
0 0.6214338235294117 0.19307586277052974 0.04188725490196088 0.07689895984334069
2 0.692857843137255 0.19676407008977392 0.0454950980392157 0.08428188499783831
5 0.7521176470588234 0.20345362528928565 0.04835539215686269 0.07487093410645713
2 0.4021200980392157 0.30225396098776736 0.05179166666666668 0.10319493400473029
1 0.4923235294117647 0.16111573968108645 0.045921568627451004 0.11715022507057296
4 0.5612720588235294 0.17747992167035426 0.03921078431372549 0.11732275374481833