9 0.2921446078431373 0.7339369802395667 0.07693872549019609 0.08438930851199092
9 0.6426862745098039 0.7769291727066963 0.0647843137254902 0.08248172732127877
9 0.7318725490196079 0.7817957834236158 0.05933578431372544 0.09547020675974675
9 0.7934411764705882 0.6937736069784592 0.05501715686274511 0.08869927011011929
9 0.9078504901960784 0.7689082169832915 0.06570343137254908 0.08922662190686906
6 0.6360098039215686 0.6650101472495613 0.06368627450980391 0.10278802675415179
3 0.34984313725490196 0.34782431779456274 0.04037499999999994 0.07714635945169245
3 0.6138529411764706 0.44484402736451256 0.04633333333333334 0.06888125937794057
3 0.678968137254902 0.37454998601256323 0.0393063725490197 0.07851356781363653
3 0.7601127450980393 0.4317351033798733 0.044735294117647095 0.07895302764426128
3 0.8411985294117648 0.5235756974644592 0.047593137254901885 0.07382925154497591
4 0.5556127450980393 0.48550545510032805 0.04505147058823522 0.10836428371608049
5 0.4870686274509804 0.35041550316624703 0.040311274509803874 0.07907998270644191
1 0.4131200980392157 0.2687150377660792 0.04927696078431376 0.11478039724320338