11 0.8901772900012259 0.8722809488593263 0.11783598692667069 0.11637788152297962
11 0.47012130609985947 0.8521874350283776 0.07907740549329306 0.1115003509252833
8 0.7689939802179511 0.8753601338598641 0.07348042620945847 0.11185428919784028
6 0.6672930107584696 0.8660950941844627 0.06880171711110686 0.11552653887922823
6 0.2799076063462569 0.7049573493005765 0.07063284347778084 0.11363894118979584
9 0.8577144614564044 0.7390538902071192 0.07812637599370867 0.08822058856842113
9 0.7519470241974162 0.720492183988784 0.06837960830195114 0.08010169390216137
9 0.6479673095079866 0.51593272361612 0.054977103034552256 0.08671438945948752
10 0.5698901183668234 0.7128774673987841 0.07288873977436372 0.14310650748916637
9 0.4616893155858373 0.7359391554379141 0.06424275844665676 0.09398145416508427
9 0.36879839931292624 0.7231037153155521 0.06642909855251385 0.09623107958779852
9 0.28614876037797665 0.6054899006425539 0.07670561279976139 0.09143692891359732
9 0.17014793738050227 0.6894195176133653 0.06887687083169336 0.09969926531264899
7 0.3542322501740267 0.8326291900926188 0.0832586685363334 0.14493984244054423
5 0.7534666159103763 0.18751189957464467 0.07059916653583287 0.09391045209113211
5 0.24991365552107284 0.18053893062491727 0.054257407514941965 0.10868112513099021
0 0.6940258957445725 0.25352672352665157 0.05285976854271357 0.11573942327185713
0 0.4613251090937636 0.42060559253262975 0.05522018265095511 0.10925247984344946
3 0.7656430786127475 0.27776459966249495 0.04861592328057688 0.0869688176187907
3 0.696893482763293 0.3565859902098793 0.047062562862884225 0.0846344234193848
3 0.612365184339247 0.27274231157634643 0.053233151313247414 0.08499189473954721
3 0.5259009664485149 0.2707743065965768 0.04097446915587571 0.09698215677708402
3 0.45233180562634917 0.34396504262595284 0.05039988357596706 0.0653122835270704
3 0.38679023672647733 0.2689147052636889 0.044556521215484056 0.09245888120793684
3 0.30045099974836925 0.32973787413708266 0.04760029278063469 0.09336463278481628
3 0.2205412140359782 0.4219980518745045 0.05464638995885735 0.10392632529736327
2 0.31630136905773243 0.18365488368640015 0.05319864850623798 0.12735542592164287
4 0.4521819569990989 0.17314258074279665 0.047839518360084404 0.1271963656818487
1 0.5334612105088461 0.16772476188572608 0.058123373630099895 0.1306410383657371