11 0.1695735294117647 0.7940160219729915 0.0793406862745098 0.10037913583072647
9 0.19495098039215686 0.6602053864347295 0.06637254901960787 0.08666473385722652
10 0.4050343137254902 0.5702821393148699 0.0551666666666667 0.12166526792299275
6 0.792296568627451 0.3059356577910023 0.06113480392156867 0.1040543221179522
9 0.5880661764705882 0.7028785636174054 0.07073774509803932 0.0841223773556115
9 0.6832696078431372 0.7070713359273672 0.06507107843137261 0.09250792197553478
9 0.7550661764705883 0.5982643371226571 0.05670343137254896 0.10276198469011474
9 0.8785514705882352 0.702172172630401 0.05612254901960778 0.08270959538160257
7 0.793453431372549 0.6849323262378881 0.08143382352941186 0.1133350626891482
3 0.27136764705882355 0.1973109534345515 0.0476372549019608 0.08537565168739346
5 0.27949999999999997 0.10852053610030263 0.04674509803921567 0.09008601002009103
5 0.5729362745098039 0.15850827801937897 0.05028431372549025 0.10217278299127694
4 0.5019558823529412 0.29464967828895505 0.05048039215686284 0.12704946466264846
3 0.5758700980392157 0.32083822893619185 0.05125000000000002 0.07851356781363653
3 0.6459926470588235 0.23892617176572317 0.049340686274509826 0.06341893644617382
3 0.7285367647058824 0.3190152844535999 0.04040686274509797 0.08463670812034281
3 0.8142132352941176 0.4257226418453243 0.049995098039215646 0.07018661783779667
2 0.6484901960784314 0.3122801556420233 0.0567843137254902 0.08743948526232803
1 0.7122058823529412 0.13943246611225552 0.049411764705882266 0.15190987004399684