11 0.13101910593564262 0.8430109405704886 0.08004030783466594 0.12359471237501621
11 0.8440261240968452 0.9232287062286282 0.08005837997988612 0.11781784183872213
8 0.7536588178818664 0.9279697424576896 0.087522880306068 0.14001204345755974
8 0.25307574270652095 0.8686816361511494 0.07424997397060816 0.12285606544604624
6 0.3543769006705374 0.870406032117041 0.06648716276732622 0.12098628922650724
6 0.6438922407794772 0.9115832160325499 0.07019743905538282 0.10915353330736265
7 0.44414050455749676 0.8964410647967795 0.06150199394554184 0.1433564541401548
10 0.538558825773949 0.8702901268233563 0.05936590345159142 0.13405455568540886
9 0.16121113609063875 0.7233350681729646 0.06473850199582806 0.08724654633597372
9 0.2650558141117678 0.7283227632774967 0.05476532841562461 0.09788368263861838
9 0.3632170712264079 0.750389757174393 0.06364084623399223 0.09215734060511604
9 0.45680524150134927 0.5900193810327663 0.054328946349042985 0.08677295243042044
9 0.5441576505052742 0.7790394182573691 0.057722932292447134 0.07033922174609358
9 0.6424622429009269 0.804200396485305 0.05477283530671618 0.09295272129160703
9 0.7316254252493065 0.8070359762801368 0.05539846517093596 0.09951389170237596
9 0.8225017172158179 0.7948364454832705 0.061493226638168474 0.09616815132233912
3 0.24309422813621595 0.329174185170757 0.04181588567630446 0.07767782192788808
5 0.2617541907320884 0.2530824706748041 0.0524253099814572 0.08284835043067995
5 0.720096212162351 0.33601171103319916 0.04425632963129498 0.0869236514738345
2 0.6621443289593819 0.3260442990087868 0.04099746772753643 0.10023104185603604
2 0.32440277424806185 0.27246015149547675 0.04545993450295448 0.08658191923126868
0 0.39252325116154807 0.2712658615764187 0.04905117559449462 0.09904473012162919
0 0.5947731324544883 0.31934550491278185 0.03877255495677113 0.09193084880751422
1 0.4647355583214048 0.2764468060425053 0.0535920662124013 0.12358695580660521
4 0.5357320086219193 0.29811777171795867 0.043331295293494915 0.12681612604423664
3 0.31548221508314567 0.3460037224602866 0.04162383901309864 0.07188898411461726
3 0.3918252215032463 0.3574435527853526 0.03934139194616593 0.07770774012033069
3 0.462508977352619 0.36986957537982085 0.04574345402427436 0.0806226585291954
3 0.5339983987036712 0.44750994416309575 0.0402472605422658 0.08630955287192152
3 0.5951368552295183 0.3943169493139419 0.04363844762010268 0.08912718175128766
3 0.6629392809226641 0.3949146483140717 0.04387384889630305 0.0784047231961216
3 0.7341632548976166 0.4049427831883306 0.04886378135021233 0.08627564558715309