11 0.1579722377840025 0.8198390520723001 0.11902236054915796 0.11812656143704733
11 0.5809125981256701 0.8702981253283043 0.0800612511671334 0.11284065204474404
8 0.28053632119514466 0.8433606654783125 0.0744409724383581 0.11314090263246279
6 0.3826636511394681 0.8511334521687461 0.06976175951862232 0.11678513351761417
6 0.7638941798941798 0.7536393086879021 0.07159055227029082 0.11490625263719914
9 0.18251885050316424 0.6907518010454071 0.07897510806791858 0.08943521489403851
9 0.28817794377010064 0.6898201865199307 0.06913867966939866 0.0811792055249855
9 0.3805347442680776 0.5007355050935614 0.055712777950686486 0.08769213016783343
10 0.47155259535913124 0.7127946472396601 0.07402222913856912 0.14454332239703072
9 0.5822418093163192 0.7543112351132811 0.06506113358923814 0.09508728891644484
9 0.6752518449355049 0.7569940909521471 0.06726999342947061 0.09736981063835272
9 0.7514433724106926 0.6521290380359434 0.077565999239202 0.09265353965916623
9 0.8737716360618322 0.7564341522643313 0.06974831414047115 0.10087956805910764
7 0.6967311408514023 0.8700648910244818 0.08444931355258144 0.14648855821643578
5 0.25369851644361446 0.15127071568196887 0.07144586229553554 0.09507891188095792
5 0.7617670989383408 0.22904509717808946 0.055113269011308204 0.10976143015836112
0 0.31780370024553034 0.22795564166817367 0.05374897810976236 0.11684112738639585
0 0.5631179997925096 0.4358954868376863 0.056083604799944564 0.11034517726282433
3 0.24698119445308983 0.24037217184634063 0.049324286751737785 0.08788480198403475
3 0.3212783068783069 0.3315592893986755 0.047750790192620254 0.0855233597699071
3 0.4014543694020818 0.2611174593333161 0.053951267420548524 0.08594375468237364
3 0.4886463187744234 0.2736935940823409 0.04170457516339873 0.0978724327675735
3 0.5674622955354981 0.3600057178778406 0.050994612165853805 0.06613779741145483
3 0.629008652349829 0.29524682459720825 0.04527739392053114 0.0933620605027255
3 0.7199556800497978 0.37121904122211025 0.04834000760798149 0.09430249296029347
3 0.8063533008265034 0.47785870297174643 0.05547729017532927 0.1049867403790678
2 0.6949198326244077 0.22100997700793099 0.054154663346820155 0.1285184944069855
4 0.5570546322232597 0.18750558268103026 0.048770425701144676 0.12830554134697353
1 0.47464204447210984 0.16834333445279737 0.059120102361932464 0.13186930860178944