3 0.25723529411764706 0.09033992014445207 0.05858823529411761 0.0895326161593042
3 0.2566127450980392 0.19023076727448435 0.05734313725490192 0.0809810533811449
3 0.25322794117647063 0.2963261361613387 0.0579289215686275 0.08158002085399663
3 0.2482892156862745 0.4022619974059663 0.07010784313725493 0.0883672337936472
3 0.24070343137254901 0.49964955113043924 0.05983823529411769 0.09108211896950742
3 0.24054166666666665 0.6345279112942194 0.06931617647058819 0.09390768291752498
3 0.23512745098039217 0.7599627679865721 0.06584068627450979 0.08761201393657321
3 0.22231372549019607 0.8907297372905064 0.07207843137254899 0.09523582818341358
5 0.10206372549019607 0.8758857607894001 0.06441911764705882 0.10786948449937685
5 0.17477696078431373 0.07465934233615626 0.06033578431372549 0.09072078533099362
2 0.14936764705882352 0.17433859769588766 0.056090686274509804 0.09150855776811373
2 0.13393627450980392 0.7391551588209863 0.06688970588235293 0.10133943694209191
0 0.13217401960784314 0.6236944126548154 0.05846568627450982 0.1047900104269983
0 0.1587205882352941 0.2736011800310267 0.06253921568627452 0.088210981409425
4 0.1484044117647059 0.3682412959995931 0.07376960784313724 0.11147305511050075
1 0.14178186274509805 0.4920224816255945 0.06297303921568626 0.1246601052872511
9 0.7258774509803921 0.9080737519391673 0.06695098039215686 0.09737127743444982
9 0.7167279411764705 0.7716523994811932 0.060906862745097934 0.0947149869026729
9 0.7220882352941176 0.6438086518654155 0.0569240196078431 0.08968561328552162
9 0.7254901960784313 0.5183607741410442 0.05882352941176472 0.10572101421632202
9 0.7250637254901962 0.4122068106101065 0.05797058823529411 0.08547005416952777
9 0.7258578431372549 0.30450659952697023 0.05220833333333341 0.10444820833651232
9 0.7061887254901961 0.2000551359324534 0.05453431372549011 0.09411601942982126
9 0.6870563725490196 0.08645314208692556 0.053036764705882256 0.09152157880013224
11 0.7925294117647058 0.09697088069988047 0.07035049019607853 0.08977350525164669
11 0.843642156862745 0.9072599374380101 0.06963725490196082 0.121785712469164
8 0.842656862745098 0.7538559039698888 0.07746813725490198 0.11771663996337846
8 0.8111666666666666 0.1900126649881743 0.06105882352941183 0.10658365758754862
6 0.8171470588235294 0.2975208158490374 0.058311274509804 0.09699041224790828
6 0.8306887254901961 0.6351073472190433 0.0706911764705882 0.0950632995091681
7 0.8524754901960784 0.5189629968719005 0.06717647058823539 0.1492405584802014
10 0.812360294117647 0.41208636606393534 0.05364460784313718 0.12103700312809952