9 0.26443683986000716 0.5605670562860328 0.05499178904625959 0.06565333893855001
9 0.5867086844924975 0.7269436295103295 0.0618118885478953 0.08076199738865092
9 0.6733741698090864 0.7270931585111712 0.05762961250861392 0.08271966626237146
9 0.7158814055783121 0.6415999946977681 0.04612986004996484 0.07612281711371112
9 0.8273643280786083 0.6972862525434144 0.04921611715340283 0.08496941237067528
1 0.40840531436324806 0.5449200546508621 0.05922218655343966 0.1190340772554133
3 0.5438531844375675 0.41976908022371634 0.04723062721413971 0.0709649270611716
3 0.6146345676158843 0.4181534446991409 0.050825675245722506 0.07242984588494723
3 0.6856882434266002 0.40570433732042244 0.04582442113132812 0.07833778058038604
3 0.7617514827512901 0.4841368672709318 0.040711309714892195 0.07953061915866835
7 0.5625723441381209 0.5395682544010891 0.04997263776353868 0.1276252685438462