9 0.7968455882352941 0.6876197225683759 0.07542401960784328 0.0973728447808966
9 0.39392647058823527 0.7235288353127673 0.06018872549019605 0.10143070473133302
9 0.3039754901960784 0.7266392946187459 0.05871323529411776 0.1093390526407999
9 0.24767892156862747 0.6283806579652566 0.05366421568627455 0.09005623043760429
9 0.11282598039215685 0.7141454938318702 0.06111274509803932 0.09580537776911197
11 0.6084656862745098 0.8271572008925585 0.07228431372549005 0.11120479773789736
6 0.7432671568627451 0.22934534463254483 0.047779411764705904 0.10832847587802956
7 0.1684901960784314 0.8398951460297814 0.08227941176470588 0.16828273272127686
4 0.5047352941176471 0.40809469635959295 0.0493553921568628 0.13909596888666592
1 0.5231960784313725 0.22176722456288078 0.05164705882352938 0.1479055410029698
3 0.44014215686274516 0.3507277668044689 0.04863725490196069 0.07668712694281722
3 0.37796813725490197 0.278959214141534 0.04798529411764707 0.09012579650681435
3 0.27794362745098045 0.3447999419780402 0.05195343137254893 0.08533056033577387
3 0.19906372549019602 0.43887340192357865 0.050401960784313804 0.09178284339628161