9 0.2346151795883229 0.6183671754029059 0.05435530387776389 0.08807255931168138
9 0.5783126460849839 0.7278155568059943 0.058639217858407366 0.091029757174393
9 0.6585771226625136 0.7156522233283796 0.04676909923823301 0.09143147354600402
9 0.7199945760394922 0.6366003807105378 0.0462340339909829 0.0907913473478673
9 0.8389314044793724 0.6996248383326842 0.04994833248982173 0.08956150033425199
6 0.47594558372811846 0.8266129385794052 0.0696055253267068 0.10717871098991476
7 0.7648255257466525 0.8136500875788136 0.07617663147087424 0.1368657823178327
1 0.48399764193259004 0.3678075586143214 0.041073611699397036 0.12366026153409615
3 0.5467425731520037 0.3934312469280083 0.04029938246263389 0.07307982666993697
3 0.6153455114684995 0.3258783322993166 0.03890161787694297 0.0756254585503567
3 0.6952935864881753 0.38318580501810734 0.03992717041323373 0.08210714260293275
3 0.7729208273509175 0.4621759398250347 0.04319031402524464 0.07542169472940018