11 0.08915993052071092 0.8281306212276424 0.09602425837954547 0.1276184014582042
11 0.9088917891206555 0.8492579868896295 0.11400229869577914 0.11801498179649618
9 0.8976349186282837 0.7053111470852751 0.06316735602922541 0.10886855944634422
9 0.7475487367961475 0.5841611327052283 0.06791586315852739 0.08869522707488692
9 0.6782106792186983 0.7169558246884724 0.07764744459432163 0.11447448998927494
9 0.5691730490445874 0.71885300744973 0.06714908520625486 0.09576254435450908
9 0.4672776233391329 0.4836040441116353 0.05579304960934197 0.09122179995863944
9 0.36173062338040346 0.6916085410745118 0.06462929063209802 0.09593895088179992
9 0.24857821596937585 0.6710709454760565 0.07567348441241273 0.09943662150658654
9 0.12000276179450028 0.6788578260639551 0.07399453578263034 0.10008489825756159
8 0.23249219024118636 0.8351543293559758 0.08271174160886985 0.14572545787704325
8 0.6539222165022723 0.5879808855992728 0.07871053158606975 0.11019810914407457
6 0.3479488610421459 0.8366918289592021 0.08073044135567156 0.13092673794168175
6 0.7748677777850183 0.6988052329904246 0.08026553310294232 0.10763304890658719
10 0.45620705349456353 0.6679088757111871 0.06834483101168534 0.14129495524871707
7 0.4528469690420387 0.8493663326071168 0.083306713700583 0.152191431800584
5 0.23913727169978807 0.0891278750715395 0.07138152601020469 0.10289501680878385
5 0.7740122331625312 0.1428395750431642 0.055987932209182065 0.09254507052956083
0 0.3845485139353182 0.1099213143074252 0.05227155773058464 0.09848748839737023
0 0.7152052501898807 0.20658898863543454 0.04557014678549664 0.10910051777787397
2 0.37512043332602046 0.26880912704939713 0.06470098607590459 0.11762296729140513
2 0.6973990342697398 0.1296943338767933 0.052714000916639796 0.09912766384356048
1 0.4777541293331335 0.0994067564097015 0.05370600413718905 0.14029893799266085
4 0.5578255397931116 0.10857689169756693 0.051389952147913434 0.1421444349218716
3 0.21502854805228466 0.18216160941099518 0.052652425874156736 0.09136272326345307
3 0.29638882683829415 0.2734839492706575 0.05963898746751752 0.08343738177341083
3 0.3884620694199175 0.18810528310416633 0.04159890872046167 0.0782798547567175
3 0.4872892155776678 0.20585723643394077 0.054716487284696434 0.10348764325941316
3 0.5578647239110556 0.3030154459978742 0.0627902320634321 0.09569005121989935
3 0.6297068579302034 0.22038403324243605 0.04704633521367618 0.10350618515151946
3 0.7206192385805545 0.2918447809086843 0.04957914173239168 0.09327972836620542
3 0.7914131696414025 0.22173786223049435 0.048138949310383795 0.08325757713043522