11 0.13998529411764704 0.7731172655832761 0.08144362745098038 0.11392100912998139
11 0.5422230392156863 0.7861806159558506 0.0697377450980392 0.09121558454769713
8 0.2544779411764706 0.7896279341827521 0.06532843137254907 0.10788250553139558
6 0.3504558823529412 0.7835406017140968 0.07591421568627454 0.09895984334070847
6 0.712 0.6636299178555989 0.07105882352941184 0.10328608122885997
10 0.440046568627451 0.6480469977874419 0.06636764705882348 0.11769059789934128
7 0.6494093137254903 0.7795268685943897 0.07135539215686282 0.13325073116146585
9 0.16513235294117648 0.6569957020421657 0.0778137254901961 0.0867591363393606
9 0.26610539215686274 0.639886065969838 0.0640759803921569 0.07532992548510971
9 0.3605098039215687 0.46306370641641864 0.05190196078431375 0.0797603316294092
9 0.5240392156862745 0.3958328628468249 0.06033088235294115 0.08201622542661684
9 0.5442156862745098 0.6745513084611277 0.061470588235294166 0.07955199511711307
9 0.6350294117647058 0.6805051753515933 0.04456862745098045 0.07192818087027299
9 0.6977892156862745 0.5732704661631189 0.052441176470588324 0.08533007807532869
9 0.8183725490196079 0.6644469876147605 0.06566421568627456 0.10166170748455038
5 0.24828676470588235 0.14178276239159737 0.05036764705882357 0.09172340479641922
5 0.7266764705882354 0.18820925205361003 0.052639705882352894 0.10669433635970599
2 0.6671225490196079 0.16501553877063146 0.03567156862745091 0.07550245415935504
0 0.3035686274509804 0.2148600493375041 0.046522058823529444 0.10111482413977266
0 0.6587132352941176 0.24234744792858776 0.04030392156862739 0.08961074235141527
1 0.46074509803921565 0.14605366089367008 0.04481127450980393 0.11546074616617073
4 0.5345563725490196 0.15799720251265228 0.04226470588235287 0.11655451285572592
3 0.23631372549019608 0.2230242364131126 0.04072303921568632 0.07375438061086949
3 0.30716666666666664 0.307638157727423 0.04513235294117646 0.08153119198392723
3 0.38327941176470587 0.2384867119350983 0.03718382352941174 0.07429475343963785
3 0.4699289215686274 0.24329147274993007 0.043156862745098 0.08390101981129677
3 0.5330882352941176 0.32674652221459266 0.03933088235294124 0.06846133109534347
3 0.5978235294117646 0.25482485186032905 0.04437990196078423 0.07657994455888713
3 0.6798357843137255 0.3122052847079169 0.04209803921568622 0.07547315683731332
3 0.7617303921568628 0.4103350372574451 0.04468872549019598 0.07798621601688661