9 0.23291666666666666 0.5317691818621093 0.05652205882352945 0.06417741156125228
9 0.5734558823529411 0.7236633859769589 0.04641911764705875 0.07685989674728522
9 0.7087377450980392 0.6248435187304494 0.049828431372549 0.07779415579461361
9 0.8222867647058824 0.6899063604689606 0.0587892156862746 0.0744510058238599
9 0.6067132352941176 0.5246759746700237 0.03940686274509808 0.07928180870272881
6 0.40202941176470586 0.7184289311055161 0.06631617647058818 0.09569156430406146
7 0.5436666666666666 0.4410614175631343 0.04321813725490187 0.12364772004781159
3 0.6162720588235294 0.4485061926197197 0.041370098039215764 0.06692484931715874
3 0.6793602941176471 0.37728765799445585 0.04744362745098041 0.07097439027491677
3 0.7588308823529412 0.4561072200605275 0.04952205882352945 0.07887164619414563
3 0.529517156862745 0.38186129549095904 0.03800980392156861 0.0508178327102566
1 0.3221348039215686 0.5175664911879149 0.06093382352941179 0.11715022507057292