11 0.2093406862745098 0.7820301619999491 0.06083823529411764 0.10245273517967488
9 0.2372279411764706 0.6695675084560413 0.05288725490196078 0.06958113984893581
9 0.5839289215686274 0.7109092851148242 0.060014705882353026 0.07739375906004435
9 0.6694975490196079 0.7126150403092494 0.049781862745098104 0.09057429872078547
9 0.728171568627451 0.6290232700083925 0.047029411764705875 0.07964639759924716
9 0.8389975490196079 0.691498181633224 0.05299264705882356 0.07763790341039127
7 0.7712965686274509 0.7992504768444344 0.08123774509803927 0.13689336486864537
6 0.5739779411764706 0.5998626688029297 0.057267156862745194 0.09619612929477889
10 0.23894362745098038 0.577310241346863 0.05632107843137252 0.10967940794995036
3 0.30134068627450983 0.3161213600874851 0.04140931372549017 0.06257582462297503
3 0.5581666666666667 0.3957026525266397 0.03300245098039212 0.06547951476310371
3 0.6267671568627451 0.333097530581623 0.04274754901960787 0.0704828463162178
3 0.703781862745098 0.3919688715953307 0.047267156862745185 0.07754675618626186
3 0.7795833333333333 0.46967513542381933 0.044463235294117665 0.07019638361181042
4 0.5023553921568628 0.4376173545942372 0.041475490196078324 0.10699056483812719
1 0.49861519607843136 0.2507134610004832 0.04379656862745096 0.11730322219679051
5 0.4361053921568627 0.3097345438824038 0.03887499999999999 0.08235477225909821
5 0.425593137254902 0.23950235243254242 0.04481127450980393 0.06558693827725645