11 0.8698753381854487 0.8704304890985343 0.07085776491254102 0.10934466965856225
11 0.46177457020067736 0.8691076960566738 0.06351063201202692 0.1023974997268229
9 0.8360845438152994 0.7476393998029255 0.06574827505410248 0.08821223698830027
9 0.7295181910662283 0.738755359834914 0.06010210107942812 0.09141221532751798
9 0.6340382493381826 0.55685739179037 0.04752662914791086 0.08680656360389002
9 0.5393448916715057 0.5679907864314538 0.0419810485167867 0.09505679669905143
9 0.45880287517664226 0.7599611421034361 0.055606416900613104 0.09410441541512773
9 0.36883591438505187 0.7556965177391171 0.049658835463228586 0.09756714523457949
9 0.2995124773876002 0.646647697236413 0.05678745726747601 0.09964606049353707
9 0.18362875933420944 0.7342089472569616 0.05976166712509993 0.09081504612102789
10 0.5599365353801284 0.7402589152009377 0.061981147480145535 0.1446033239631109
8 0.7481525491069284 0.878440572192777 0.06660750986359057 0.12183355893425075
8 0.4653209512707333 0.4537448634452054 0.06327051197529407 0.09837498102264043
6 0.29076840099952983 0.742318620440236 0.07217302287945532 0.10313114424050426
6 0.6577365508067696 0.8758061011848641 0.07133716670814387 0.11267654359667642
7 0.353139347685931 0.857229220008761 0.07295876866296139 0.14429237414746962
5 0.7313770256562507 0.24834353536847986 0.046489586289499674 0.08670175017188411
5 0.2634213554196265 0.2648942298189681 0.047210505251607075 0.09095419498765629
3 0.7472181487157321 0.3280635573773821 0.04146820874865204 0.0735039468073071
3 0.6820274215824532 0.40106928143255133 0.04526374462796321 0.06865544676814354
3 0.5996294578990953 0.32669632878746996 0.037711513076989014 0.06749796881814321
3 0.5214703859425459 0.32840540165763005 0.04123367723100514 0.07526562443490986
3 0.4576294724525303 0.3988690657917257 0.03160074688229039 0.05087622700113223
3 0.3939216588587487 0.3361374593255954 0.04836947096807983 0.07877264127133311
3 0.30981118664343943 0.3928663059759584 0.04399645478320473 0.07677019476331239
3 0.23403766720077776 0.4849425294958936 0.053989192619079876 0.07192176898968879
0 0.6762515939649815 0.30955792160924145 0.050087102309193714 0.1002350604906361
0 0.3174696931990342 0.3214666237319014 0.039925870622872464 0.08273715858883875
2 0.61227031550392 0.39713986696024756 0.05243055464596588 0.10092355155604679
2 0.3223459555276131 0.255969244783281 0.0485908694658744 0.0917597780543395
1 0.5187615375995273 0.24012736540096138 0.05562402073573429 0.12355503414957733
4 0.4508400737568091 0.24226168275269866 0.04068609550255198 0.11280598843275537