11 0.17844117647058821 0.7815255970092317 0.07011519607843136 0.10469560794486392
10 0.39606127450980394 0.5718283868670685 0.05927941176470586 0.11825050227613744
9 0.19927450980392156 0.6593264667734798 0.07501715686274507 0.07514437577884593
9 0.571781862745098 0.6939233488466723 0.060230392156862766 0.07597772182803073
9 0.6622058823529412 0.6963127082220696 0.05725245098039222 0.08727021184608723
9 0.7241960784313725 0.6042702881411968 0.058683823529411816 0.09198708069479411
9 0.8447083333333333 0.6783013656824597 0.074218137254902 0.07728633554589152
7 0.7744558823529412 0.7996248315149664 0.07822549019607838 0.14740133770758615
7 0.7694656862745098 0.31575026067495743 0.058541666666666714 0.10414872460008642
3 0.2655220588235294 0.2260679026474403 0.04820098039215681 0.07452913201597108
5 0.40690196078431373 0.15232328781058468 0.051546568627450995 0.09956532132956944
5 0.5546887254901961 0.17654240736502125 0.04320343137254912 0.09592268762239009
1 0.48229411764705876 0.14935774776836805 0.05772794117647062 0.12293156328679333
4 0.49000245098039213 0.383886065969838 0.04618137254901955 0.11997253376058595
3 0.5514656862745098 0.3309490602985682 0.04900980392156873 0.06618590575010809
3 0.6269044117647059 0.25470440731415783 0.05283088235294109 0.07971475801734443
3 0.7108357843137255 0.32664560921644925 0.04912009803921569 0.07711055161364158
3 0.7897328431372549 0.4190884260318914 0.050053921568627535 0.08621225299458303