11 0.059853451700092236 0.8929547850928451 0.08347798203066904 0.15895203220360998
11 0.8938514802723275 0.8693393585248669 0.0808438602855195 0.14163604726658865
8 0.7560917062899898 0.8758648487209454 0.08412993235254282 0.16621882872354252
6 0.6361208175039152 0.8718990261005063 0.08878639202219026 0.1567314374756526
6 0.2955410648229603 0.8873168679392286 0.08533596537909871 0.15432468510583033
8 0.16009222702263587 0.8884836774444876 0.07656936235592428 0.16995195429165036
7 0.5346177519728396 0.8693160888196337 0.08882843061230236 0.2014292169848073
10 0.42313002083075396 0.8480641994546163 0.059810960147878754 0.17554998052201
9 0.8796114268668215 0.7645392546422544 0.05668585065428235 0.09825466822490576
9 0.7458221495281765 0.7510527983378782 0.07447925852073418 0.08124783794312422
9 0.6293722892325204 0.7645824698091156 0.06567576978577672 0.07506806908193732
9 0.5081113643818002 0.7741662641215425 0.04768041728119927 0.10420838852097127
9 0.29825431476087355 0.7781919231268666 0.06081786593740925 0.06904453967017254
9 0.4012371460781057 0.774415582391897 0.0372233179908351 0.05484337099078041
9 0.18789728823695945 0.792512764576029 0.048818443435126785 0.09768954681210244
9 0.05962324037328832 0.7771713803402156 0.05867697474026715 0.09027315932995703
3 0.14973812969225944 0.4182727437995066 0.05355002762228925 0.10048855992728212
3 0.25520969002940347 0.4222053239838982 0.06457227533087019 0.09172917802882735
3 0.34271434990598293 0.4206495779768861 0.05500862582912119 0.09526617322425655
3 0.4325416418862512 0.4171192312686664 0.058318145346096716 0.0948506427736658
3 0.5191647703222938 0.4105870925853785 0.06362483153299721 0.10173515127905469
3 0.6249097483149679 0.40709996104402024 0.054677655341890105 0.0914366445916115
3 0.7237300919319022 0.4028449292299701 0.06281831339677402 0.09622023113881312
3 0.8189723546861232 0.39392930788209324 0.06118998530914152 0.10498626152447729
5 0.8069715976254244 0.30787128944292946 0.05801855551718133 0.10905845994026751
5 0.17528163338597133 0.3283486300480457 0.05006447614310303 0.09017010777821068
2 0.7181331392894663 0.30965308401506303 0.059348405907911767 0.08602810024672121
2 0.25215495995673115 0.32755746007012077 0.06206271237123788 0.10188806648487203
0 0.6259251989854692 0.31073678743020383 0.054330836973466023 0.10481007661342684
0 0.3480210731639505 0.3328729255940787 0.06697396148518868 0.08924929229970135
4 0.4258252356945142 0.308802077652253 0.06830585078461053 0.13750733670951817
1 0.5270703051339808 0.2955715881054408 0.07969738192828925 0.13764363069731203