9 0.2269503892890926 0.7627773575758953 0.05582232723111794 0.07516507041079974
9 0.316320392413678 0.7460095550007149 0.04574720763369013 0.07448134305535435
9 0.3905443872317172 0.7554754024725444 0.04550519408811327 0.07956540180029711
9 0.4693494910064732 0.6113098607311966 0.043734360594270376 0.07267383339061641
9 0.5458040939201846 0.7462595537224984 0.05770543806258595 0.07384076071879359
9 0.6272785968757 0.7592877739052547 0.05211072845641193 0.08311851529930651
9 0.6937808218943547 0.7494625381216276 0.04989765228073337 0.07845412669872659
9 0.7727312397184735 0.7329602955615584 0.06089807374306798 0.07831169965885798
11 0.2118844068923502 0.8591937009484367 0.058361953679092256 0.09316597216896344
11 0.7839038209826608 0.8266766575865943 0.06401278369166197 0.08973545839215485
8 0.7235734161990489 0.83944140228886 0.05196103142705103 0.11324934825154154
8 0.31474902103459435 0.8601954410273454 0.06464732962092647 0.11001056318224842
6 0.3941461740950473 0.8558867079672663 0.05541147764352044 0.09747700791263429
6 0.6350495656255664 0.8499950132508458 0.05632737436384736 0.10138793420308868
7 0.4657155805522384 0.8592170428884288 0.06086746593274584 0.11974521866499276
10 0.542819193229209 0.8283084846126388 0.06179822826023384 0.11647540796414194
3 0.28001416022131764 0.4264131427180946 0.04439222762960965 0.058386069521729346
3 0.3367566393158442 0.4278653361851767 0.042129989028282494 0.06890899419500289
3 0.4013880075846099 0.4253924721561811 0.043062595859853184 0.06581241801660546
3 0.46554206933155273 0.42346929505879327 0.03577733434347329 0.06672498364356136
3 0.5204338899090162 0.4234998359148575 0.03410298119684455 0.057955298018574936
3 0.5764996916790438 0.4267188663828079 0.03813946836393002 0.0787333816215172
3 0.6287053299148372 0.41917314192275973 0.036409323534405603 0.06443992164058626
3 0.690722305401823 0.4174716526583593 0.04223324473207748 0.06940967032425993
5 0.28868857072334864 0.35682674748783094 0.05257578089665619 0.06439937017058993
5 0.6725647150135613 0.3604239755567107 0.037765253184152386 0.07495157528364574
2 0.3433650408835585 0.36961102864246775 0.03997464035166569 0.06427301343831761
2 0.6234653494898651 0.35684577492593444 0.03843911809648536 0.07052487210732473
0 0.5715135040583941 0.36418816030540846 0.032768966447089744 0.0710664148106489
0 0.40061041214564846 0.36206702513541994 0.04441385033093503 0.07677149520100665
1 0.4574096325687373 0.3515090996715457 0.043415626636305424 0.09280689896123602
4 0.5234748379567209 0.35230299225779454 0.049297695368622524 0.08672597213109016