11 0.144 0.8151556674550494 0.06986274509803919 0.10685058874392826
11 0.8532009803921569 0.8432778413570357 0.0716004901960785 0.10450029246458639
8 0.2628578431372549 0.8329521629663539 0.0649313725490196 0.11314625772487974
8 0.7573186274509804 0.8526074107983012 0.07591421568627443 0.1231594313471173
6 0.36278921568627454 0.8324573637496503 0.05400735294117642 0.11215340403346803
6 0.7255441176470587 0.7119053940642405 0.05489215686274518 0.10217929350728609
7 0.45087499999999997 0.8427602553342997 0.058612745098039265 0.1262486711935099
10 0.5509411764705883 0.8097389181353475 0.05286274509803923 0.11554863813229567
9 0.17263725490196077 0.6955737646550189 0.06340931372549019 0.08253381144935285
9 0.28062009803921567 0.6926537982248673 0.05388725490196078 0.08646290786093931
9 0.3759460784313725 0.712084433254495 0.0582622549019608 0.08300256860201917
9 0.4628161764705882 0.5382959741613895 0.043279411764705844 0.07723099615981277
9 0.559470588235294 0.7182140840772107 0.0552132352941177 0.07573032221967912
9 0.6468651960784314 0.7326869611657892 0.04373039215686281 0.0818892703644362
9 0.710514705882353 0.6191565829963632 0.04847794117647064 0.08920709035884139
9 0.8368406862745098 0.7073838406958114 0.05112990196078426 0.09964019226367575
5 0.26462745098039214 0.2210808473843493 0.05131372549019608 0.08733857226418458
5 0.7245759803921569 0.26083405813687344 0.04808088235294128 0.0822082856488899
3 0.7410245098039215 0.3255160346888431 0.03962745098039222 0.07485140255842933
3 0.25136519607843133 0.30111462068614736 0.03949264705882349 0.07487744462246636
3 0.3191397058823529 0.3806568500292464 0.03778921568627447 0.08747203784237428
3 0.3992671568627451 0.30396622669820195 0.03873284313725489 0.06104910861880421
3 0.4757598039215686 0.3133120724294906 0.037306372549019584 0.06997502606749571
3 0.5398946078431373 0.39407827878233004 0.04302696078431367 0.07199654128837005
3 0.6068725490196079 0.3243278655171537 0.039727941176470605 0.08224083822893617
3 0.6716519607843138 0.32440599170926476 0.039382352941176535 0.0661240558480202
2 0.38184558823529413 0.3690941735968058 0.05535784313725489 0.09364726227715464
0 0.39113235294117643 0.2365075150682841 0.039617647058823535 0.07913206683451592
1 0.4759877450980392 0.2201172910149793 0.04756372549019605 0.11470878156710157
4 0.5402009803921568 0.23203804582792908 0.03873774509803929 0.11902199842323441
0 0.6018014705882353 0.24981175453320106 0.034485294117647 0.07969522646931661
2 0.6630686274509804 0.24942763408865493 0.04481127450980393 0.09194801759873855