9 0.7789334652423362 0.7387963508339114 0.07827158142405807 0.09389493104751266
9 0.3717232434416493 0.7510488137354839 0.06299616101787861 0.09890408594290612
9 0.2809249224138487 0.7488265267914846 0.06168626562028425 0.10698336174429021
9 0.2263577971483281 0.6461797007759951 0.05615876911694819 0.08779952239135562
9 0.08840559093441039 0.7248001218292278 0.06380130604250779 0.09316466229033227
11 0.5857791719985862 0.8685604624180627 0.07541667602216906 0.10805918692315526
6 0.7352267775275808 0.2725211747764005 0.05063518170823606 0.10661436537917915
7 0.1417149420639888 0.8551884863765419 0.08678531422660103 0.16513939643135514
4 0.4906029219277927 0.43891684983881424 0.052918625192755614 0.1376104499020133
1 0.513425133970081 0.25173688922391924 0.05542875946034875 0.14637569735335518
3 0.4267453836508828 0.3770956071997267 0.05078688394373498 0.07459009090554333
3 0.36565263972138523 0.30086603601005474 0.05043234924915817 0.08820855184071592
3 0.26327910410846367 0.3614308781888562 0.05432663335964338 0.08312634814034348
3 0.18159618610926506 0.45178569553543463 0.052907264960022356 0.08973882440505934