11 0.8152693942714768 0.8557912326048928 0.08672353334119218 0.11342241716926453
9 0.7918884648017895 0.7353440380146732 0.06837914492747293 0.0730449857706065
9 0.43684947469375934 0.7645359651184042 0.0646704546347598 0.07796099318555663
9 0.3546542811112421 0.7648033210621132 0.06082527407756699 0.08517960366570056
9 0.29547653971705207 0.6608085428578888 0.051206184627788705 0.07770700503903291
9 0.18106528467246774 0.7463724706926711 0.06252340148707006 0.08841795253387634
7 0.2446801798222444 0.861298765045299 0.0716066637268728 0.14783446907391454
6 0.25999208875266877 0.4187311036265372 0.04656506855395619 0.10487371086916795
10 0.3345739868989977 0.3370839403670922 0.040989030493812535 0.11478259053288423
3 0.7376764579267469 0.34463006187828 0.041207057251758654 0.07029121955040336
3 0.46575953592006086 0.435521056891465 0.04220954443382036 0.06826934022610376
3 0.40454880305272856 0.36500258478890896 0.04197926019067909 0.07093955771389775
3 0.319200306204275 0.4244291271768361 0.042260902924221674 0.07615968251481685
3 0.24409176464766855 0.509712331270724 0.050031794598638185 0.07629001853737498
4 0.5259995989073282 0.4774859142058954 0.04616472567502484 0.11878290384063088
5 0.7238109508777905 0.2698973917130101 0.05997807321251072 0.07790418004751833
5 0.4704729674308676 0.2949352758413618 0.044646585836887936 0.0912185060442286
1 0.3550888816121712 0.2688580454818412 0.04777036309365278 0.11926414453930703