7 0.2048616283321423 0.6741441863731022 0.08529985815972557 0.14601183530758405
9 0.23791700917581313 0.5840381995604226 0.05034981214671171 0.09832024200801237
9 0.0992587993463328 0.681256516373535 0.055027142827146776 0.08429240185257324
9 0.8153936517245649 0.6952981213599004 0.06232215423446425 0.08954825260788649
9 0.7073611849998298 0.6810875216782813 0.07643987311848038 0.10343243619154778
9 0.6035816037725603 0.4769801955493996 0.06481635123677616 0.08558444915763705
9 0.40874002306805074 0.7118708792989848 0.06590212572160052 0.0883074971504423
9 0.30538698153904303 0.7132226152447735 0.057633016419152014 0.1087635379724614
11 0.8449955475621066 0.8288677314634462 0.07762620287286297 0.1053955374722859
11 0.5154075145659609 0.824674776820711 0.08606168712453782 0.11661156001866028
6 0.60765421267063 0.8334928623988227 0.07150213672707378 0.11643370067379433
8 0.6090148876536694 0.5778839658149255 0.06230673267054319 0.10051466139558601
3 0.7470400719410396 0.21169957225372366 0.05029769022634362 0.08880923631851562
3 0.6754518561961176 0.29916423821822075 0.056774487575762374 0.08663628908222597
3 0.5840717313564029 0.22409321425307918 0.05262234270319035 0.08991042279261464
3 0.49452373279580286 0.22139021021800925 0.03889568650620406 0.08436819460676102
3 0.4220085364820571 0.30179474911868104 0.044719291653000356 0.06815354388799917
3 0.35565512612489336 0.21788372419166346 0.041081155661555666 0.07508143992843645
3 0.2635312815366536 0.2835090700101478 0.04200266824797933 0.08052815151471426
3 0.17359553814953105 0.39464961452817576 0.06181111103870671 0.08109529209770731
0 0.4243761172546269 0.3829442633231855 0.051460572530773754 0.11068275923761701
2 0.3508603728393614 0.2993468746242672 0.054917801714681615 0.09250505648617062
5 0.7363693876974741 0.12328276904875268 0.06555932956395889 0.08975206567689623
5 0.21798463780770974 0.14325307632005463 0.06253850098216597 0.11045786800175061
1 0.5040191159274536 0.11411364334598198 0.053065063922249175 0.12242701640479589
4 0.4228840068031201 0.12554618495914432 0.047310596315628325 0.13479165130069687