11 0.17610876810012363 0.7907974030425342 0.07687301314180622 0.11150522298252454
11 0.8990065707604443 0.8488502136515431 0.08835660336171133 0.11436401678156412
8 0.3019266101958502 0.8186494760732048 0.07390980820182244 0.13276274954812678
8 0.6767101894297702 0.6188988006540682 0.0729671570410889 0.11427074597669482
6 0.7756655689242153 0.723642472014157 0.06164533530795735 0.11358040143576868
6 0.40817190812292314 0.8172159222238319 0.052038811059605325 0.1187458055084509
7 0.5018304562893336 0.842767541629622 0.0661941380496024 0.1402777877194626
10 0.5987390023869548 0.8153110938788571 0.06401890160124298 0.13711140387006102
9 0.2012905587586122 0.674276474659592 0.06273366576638661 0.07998126645703905
9 0.31351449707729995 0.6728492713691784 0.06333910140349522 0.09562104493736265
9 0.4070090487421047 0.6950287439675276 0.0815860132716407 0.08760331881847341
9 0.5033694666660959 0.5306426346790587 0.05508218800872611 0.09467696890335651
9 0.5997759058800701 0.717590219654427 0.056614587390657264 0.06904768846357387
9 0.698704220473025 0.734796986438595 0.05223321448494993 0.09621382841030561
9 0.7629215249688611 0.6242507220977145 0.04974209301562432 0.08187799905127921
9 0.8892788023278875 0.7268249746487033 0.061616827675550996 0.09585538541071933
5 0.2889614996868281 0.18158321616347536 0.048550652952733205 0.09827397882326434
5 0.7590763914035381 0.2545225853304285 0.0525928197313998 0.08836771281596804
0 0.4194009019921729 0.20980745134018647 0.04409226743597086 0.08081510454391809
0 0.6360575020723562 0.24419815198279804 0.04493071324724312 0.09530160212619498
2 0.6966453338812058 0.25234320438494584 0.04262084626326707 0.09935122268522065
2 0.41278305875504534 0.3356030559792607 0.0528627930368829 0.10388314638231555
3 0.34567046724678374 0.34846887637183405 0.040888692567909814 0.0862274290140026
3 0.27569553412575104 0.2646884728530458 0.042504222470476985 0.07845179977635941
3 0.4285584447269412 0.27935460399428497 0.03424670641595796 0.062357374599847123
3 0.5093816003298649 0.2961366832077367 0.03519962105485439 0.07314030860883644
3 0.5773586250683058 0.38359015792129786 0.03937214496363952 0.0851902033690004
3 0.6401446309208395 0.316890237170729 0.03981000466547684 0.08670010935853405
3 0.727155732472717 0.37363231180153744 0.048630386663870435 0.08572876470304179
3 0.7792887228150374 0.328473729428997 0.041667109815621 0.07826525816662067
1 0.5036083573384239 0.20322080671565546 0.046024595480337244 0.11670431895197601
4 0.5716633625960026 0.22638827600768444 0.04344871813529298 0.12760430200377026