9 0.23686716810180866 0.5452597502925437 0.06309213265553133 0.08209137161134873
6 0.47936059411418885 0.8632536584945791 0.06245770999757924 0.1178752503724372
9 0.5769863229242315 0.7560783318646347 0.06280485527544341 0.09016751965998912
9 0.6664581215202131 0.7470516107365213 0.054564166407303785 0.09673077999852649
9 0.7280968807275997 0.6638049185613836 0.0697413977936855 0.08464923326281665
9 0.8426733582321818 0.733122633744856 0.054823501746377526 0.09518298797389453
7 0.5678508247743542 0.5350960058097314 0.05138192758584911 0.1410974704896843
1 0.3960871701767127 0.5288348821166099 0.06069597814434412 0.12874998961864545
3 0.5537941522287926 0.4052716001542372 0.04990465124321313 0.08021956957086253
3 0.6205174776083272 0.3320413685017265 0.04907784348307226 0.08459470904938371
3 0.703870245876128 0.3910954026386819 0.04541118373275242 0.08525612743902039
3 0.7856150465124322 0.4792192195709104 0.042805380917799306 0.0812472015791141