11 0.7875637883978863 0.8533349932565619 0.06532647693277167 0.09948014326355728
9 0.7743348983189489 0.7371682174194858 0.07418408159432109 0.08047914521568057
9 0.406850786399895 0.7317619723390545 0.05996670444712558 0.0764656762331162
9 0.3177693103668289 0.7263872079310827 0.06746434793580339 0.09163324453124813
9 0.25759964499272714 0.6130046198023891 0.05120807512504468 0.07961671611220096
9 0.1421617132685402 0.687306779510989 0.05302567565726884 0.0828028428088872
6 0.224616062645306 0.3284002379477105 0.05351021986506556 0.1047361485402859
10 0.587071555615775 0.6228408679951764 0.062462854066345885 0.11061068080647128
11 0.496229610560176 0.8321096371678132 0.05810454390670021 0.08680137552812495
3 0.7320352460855645 0.29193777343761157 0.04473819317643319 0.08001867946634997
3 0.5105338687118298 0.35315993303199633 0.043357089857990055 0.08131616074224457
3 0.4299702731591705 0.36716634696012274 0.040155559713556555 0.08395641940092378
3 0.3716028655797079 0.27954518255824246 0.0413401989101735 0.06842424058988186
3 0.28618558765102325 0.3403642336037371 0.03610032367888485 0.08281675570669982
3 0.2014786821430338 0.4303945953508824 0.060033342581301476 0.08510478170201141
2 0.3674477916353921 0.3535389437596309 0.056695251060827984 0.08949604311993228
4 0.4376025693579688 0.26767577511466695 0.05713138122347035 0.10903830406100598
5 0.44533222587122673 0.19662294710612754 0.03876197665640786 0.07671376927257476
5 0.7203396387270495 0.19890800046828105 0.05497557977232807 0.0840471821756226
1 0.31752120214983004 0.17611911243600398 0.04676154422428547 0.13931213618984803
7 0.21927453260123841 0.6948324876671701 0.07141044131447331 0.1278979314729631