11 0.19361764705882353 0.8041040665293355 0.061254901960784314 0.09450990564838131
9 0.2161421568627451 0.6839752803845274 0.07198774509803924 0.06910587218025982
9 0.5809362745098039 0.7350079601230894 0.06383578431372539 0.08327601027440795
9 0.6715098039215687 0.7339011724015159 0.06115441176470582 0.08431769283588933
9 0.7379362745098039 0.6483041631698074 0.051852941176470546 0.07914508786653428
9 0.8519975490196079 0.7258737061621017 0.06183823529411758 0.07477653162432275
7 0.7847941176470589 0.8517545332010885 0.08244852941176473 0.12796744741995358
10 0.21673284313725488 0.5835798682637776 0.05846568627450982 0.11571465629053179
6 0.7797867647058824 0.36252506294346537 0.05104411764705885 0.09678533099361662
3 0.2874877450980392 0.2632559700923171 0.03821078431372549 0.07077581953663434
5 0.42478431372549014 0.19525688563363092 0.0554485294117647 0.09428854810406652
5 0.5734730392156863 0.2871430533302815 0.03910049019607853 0.08925266397090616
1 0.5037622549019608 0.19749324788281075 0.04428921568627442 0.12154482337682154
4 0.5017083333333333 0.43226571043462786 0.040183823529411855 0.1255878538185703
3 0.5677230392156862 0.3767375193916736 0.03740686274509808 0.06987411306935226
3 0.6372230392156862 0.30360814831769284 0.0391544117647058 0.07986124462755273
3 0.7224313725490196 0.37002517738612956 0.05515686274509801 0.082488237837288
3 0.7981838235294118 0.4643820859082932 0.049799019607843054 0.08240034587116299