11 0.8732640725040702 0.8551781506894297 0.08176504569141457 0.10996442548477078
11 0.5679757115379515 0.8299253639886128 0.06303249908058009 0.09442600901726649
8 0.7537720426037403 0.8580940845247375 0.06491693962510574 0.10585049612097665
6 0.6571468398115708 0.84933166351148 0.06500163667529078 0.10303455971583339
6 0.30207524118199075 0.7113090409660296 0.07317439732282083 0.10002922759317794
9 0.8473310837113173 0.7253680363888675 0.0656372774842086 0.07989049075287616
9 0.7426767290295154 0.7135256506680143 0.06223728278924459 0.08152560955065012
9 0.6571205038923909 0.5349135741554522 0.052115847647969546 0.07647859013126153
9 0.47176472595546215 0.7356806368622882 0.05687980437321367 0.08170864578247218
9 0.3798882472662934 0.7314981420090974 0.047474577765733925 0.08690719639537783
9 0.3180754591186042 0.6213396425644672 0.05566009344032303 0.08852645302769414
9 0.19788226978115298 0.7071246455768851 0.05525853949491745 0.07989546138536976
10 0.5714406742844116 0.7034940371255537 0.06876840722029731 0.11818248914244585
7 0.3637615802125026 0.8276015932978696 0.0686388381684434 0.12728130501945945
3 0.7820169029916819 0.2978813615558354 0.046417011673229994 0.07825719939351888
3 0.7132120659458987 0.376181615398453 0.042984808240871614 0.07146702301715784
3 0.6331317849797226 0.3072076569669662 0.0434781249708759 0.08134805563407829
3 0.5530387489864871 0.3088801286059785 0.047025031883982875 0.07460517336394293
3 0.48086988825730287 0.3804680549487889 0.04050730481948173 0.05793535322385834
3 0.42148220698099714 0.31236914712878017 0.04457413967012709 0.08047022731620677
3 0.34258796000576386 0.3633202500164183 0.04829787346915669 0.08645004440104267
3 0.2633023447542155 0.45383203214007317 0.042703096492152454 0.075555368243118
0 0.4837536255261126 0.44433995151577454 0.049440503662983984 0.09087858556266555
0 0.7152997610583117 0.286844291396477 0.054409091397884045 0.09741460180402432
5 0.7720409118639961 0.21842828646239332 0.04893397309199729 0.09524265469694505
5 0.30247587749955024 0.24058429602218054 0.05125795737475288 0.09626645879554677
2 0.3599827887427136 0.2352793153958831 0.04066752264139181 0.09143149533003828
1 0.5661132022989445 0.2158814951872696 0.052261475187127954 0.12443649508733157
4 0.49049607965009695 0.22275039761062426 0.049240093741419626 0.12386085198605443