11 0.174798941000114 0.8463811438812696 0.06902916034901399 0.11982211562164789
11 0.8289215638959324 0.909291101231522 0.08005814778253095 0.11367644022610723
8 0.293021194192276 0.871690142587786 0.08138624891658973 0.12218898949318115
8 0.7535893463407081 0.9004590426316635 0.06599416130607115 0.11525822218795796
6 0.38843354990784296 0.8749405463850507 0.06646303243025846 0.11124731161917725
6 0.6531468117092182 0.9023068752611476 0.06975597666070946 0.1035057708030546
7 0.47059044104205244 0.8865725086636762 0.0670303466697636 0.11667509610708048
10 0.554206800912753 0.8629401725216079 0.06033836207730885 0.11650977384497781
9 0.1999387139302359 0.7360839784095766 0.06127770099813536 0.08557119271765812
9 0.2939453922536438 0.7309412012171502 0.05174187759561432 0.08138350793936311
9 0.3884428546542012 0.7555227332387253 0.05640124309897266 0.0883203910718209
9 0.468901987452873 0.6002136397338412 0.05737923250467247 0.09486600745632956
9 0.5620293947742526 0.7770358499634988 0.058089916918835194 0.07474493585405613
9 0.6434863377400977 0.7859974617641824 0.0679433680239672 0.09853703884543964
9 0.7001630343658798 0.6938832841733363 0.05119548527099777 0.08913362553312194
9 0.8122160204917768 0.7851487262659056 0.07169571345923476 0.09683939728796702
5 0.262817161648031 0.2604349691762536 0.05599734002628145 0.09338595289967841
5 0.7027342826480159 0.33348141066824283 0.0429589678407285 0.07627952117306325
3 0.7211931375775056 0.4077297218581622 0.040235154752917786 0.07436577893134833
3 0.24874078719565046 0.33098310742577697 0.04667183692606142 0.05856065391838013
3 0.3172437063275459 0.35578032591222014 0.05192477917787723 0.08596109497825626
3 0.38936270315957905 0.36336397604913523 0.05493973722866351 0.09140313348581014
3 0.4731591566713336 0.37354010342159294 0.04833039420001848 0.07679697863515093
3 0.5419917060780658 0.4657060097025558 0.05435001451715917 0.09453604517580046
3 0.5874295904870669 0.3920035909164889 0.04320887460830562 0.0746623843693101
3 0.6529449152305432 0.39674347885263517 0.04551221226452637 0.07856221104819774
2 0.32435110104588066 0.28498872413389414 0.05105376682646307 0.08445713752711408
2 0.6477690537177908 0.3246829282035614 0.05013358797506068 0.08643179438272076
0 0.39686899070256604 0.29245215318883244 0.04732371974785301 0.08586095135301829
0 0.5829766912490563 0.3176889802608097 0.03958861252518996 0.0839238422654145
1 0.46470593224895523 0.28406382100240707 0.05096941847485945 0.11250751315137
4 0.52581466125553 0.30115828909885395 0.05090367961597258 0.1120205617279192