11 0.8739203964085817 0.8860527272882208 0.0726722920616983 0.11293504406060076
11 0.161170525600912 0.858212870599976 0.07436753741298607 0.11070997302489514
8 0.7547613784129674 0.8945385526232319 0.06785313250381995 0.11887339841823046
8 0.25782736080970986 0.8751768618172074 0.0791254083005536 0.1298077035749351
6 0.6542299158359407 0.8861350664057212 0.056842447563322664 0.11701110912277393
6 0.28663172096168754 0.7362549184355764 0.05750864226065897 0.10705498395601393
7 0.5658561640649857 0.8895227502677153 0.061791288541903196 0.13154424210748583
10 0.46445919077519676 0.8484124310828198 0.05576728430730514 0.12033349372584998
9 0.8424308766102672 0.7635815433092932 0.06563514373805976 0.08798088621126174
9 0.7337460668033494 0.7521032473330248 0.05614513370799824 0.0911771322310372
9 0.6382942771578544 0.76409346622999 0.06046826776697708 0.08804487657634846
9 0.5470122720586451 0.5825259196768667 0.045267600047368246 0.08105783163330513
9 0.45382564300114286 0.7557354761925051 0.05723808455784271 0.08049348024303156
9 0.36624071805539504 0.7633695752249424 0.04582577255016102 0.08577607879116675
9 0.29966838361918297 0.6442114681596237 0.05076551884524456 0.09350766617526336
9 0.17457771443002 0.7229045164601164 0.053667234228334394 0.10420498883217365
5 0.7392506331208901 0.27933624918217803 0.05357608650678483 0.09185375762550908
5 0.2774832911728324 0.2829077841499244 0.050209063009617805 0.08644094837993144
3 0.26238931249135033 0.34662575388743555 0.04154071562991791 0.07837690196267791
3 0.7543870536586899 0.36083665660189423 0.04140570158355142 0.07839241477845661
3 0.6879980556233263 0.4354317037491513 0.039974859500665406 0.09091792277488521
3 0.605677363591875 0.35200181715063733 0.04033110446244998 0.06443185012862641
3 0.5289436013771004 0.35534465927952136 0.03909652857140812 0.0732914616075799
3 0.4662432279962847 0.43145802327111726 0.044896197279756 0.07577610568105757
3 0.3973052896804504 0.3560448690017317 0.04180762084940218 0.08581282477354266
3 0.33214582710913076 0.3509983561187283 0.04109832684874872 0.06958465003848859
2 0.6246631180508295 0.41884772804094833 0.05778561007172284 0.09851530006372151
0 0.6123463050708169 0.2848348879288061 0.041626914236552306 0.08267911479237497
1 0.5266229778297116 0.26164582188856034 0.05041818594279019 0.11907002335822543
4 0.46229878340916525 0.2685484916570327 0.041636976828132236 0.1227074635542565
0 0.40073407667076144 0.28154134746756876 0.036476949263296914 0.08283916342141667
2 0.33909719686171785 0.27630805058708013 0.047138748995923734 0.09597279803514432