11 0.18357352941176472 0.823957885099565 0.06567892156862748 0.08213666997278811
11 0.46024754901960785 0.36753816027059333 0.050399509803921605 0.09053849088273438
6 0.7285539215686274 0.3698493934538796 0.05024509803921573 0.10166821800055946
9 0.20368627450980392 0.7064691131965106 0.05933578431372549 0.07177518374405548
10 0.3829387254901961 0.6145634139518324 0.055095588235294146 0.0995523002975509
9 0.5485857843137255 0.7211014979273161 0.06285784313725484 0.07173612064799985
9 0.6310686274509805 0.7236861727829913 0.05625245098039211 0.07690547035934991
9 0.6896862745098039 0.6294171562269525 0.05829166666666663 0.08368942804099597
9 0.7992892156862744 0.7123057907988098 0.05201225490196082 0.08019328094402473
3 0.2604460784313725 0.29437298135856155 0.03559558823529407 0.0679014267185473
3 0.5359926470588235 0.38385025813178714 0.037669117647058714 0.07107530327306023
3 0.5946372549019607 0.31844235904478524 0.034865196078431415 0.06070405127031354
3 0.6701200980392157 0.38128185956613514 0.03876960784313721 0.08872531217415633
3 0.7403651960784313 0.47344472419317923 0.04690931372549012 0.06797304239464919
2 0.5983406862745098 0.38279229928028286 0.052073529411764685 0.0832760102744081
4 0.5308553921568627 0.2942850893924366 0.03475000000000006 0.09051895933470665
5 0.26748529411764704 0.21976572315047938 0.052127450980392176 0.07819455252918289
5 0.5230416666666667 0.2355732560209557 0.03383088235294118 0.06098400345871162
1 0.6460808823529413 0.22169283588921948 0.04319362745098032 0.1243671320668345