6 0.3110073529411765 0.277357747768368 0.04603186274509807 0.09897937488873629
1 0.4658112745098039 0.22454769715927875 0.037014705882352894 0.12682810711833373
4 0.5128210784313725 0.432561938913049 0.04525245098039221 0.11641453676152688
3 0.5752181372549019 0.38650654866356393 0.032791666666666774 0.07313588158999004
3 0.646485294117647 0.32202314284987665 0.0380661764705883 0.07763139289438212
3 0.7260294117647058 0.38334243788306505 0.03784068627450976 0.07331166552224005
3 0.8047598039215687 0.4724551257597721 0.043370098039215765 0.07249785102108292
9 0.22287254901960785 0.682715495536736 0.05603676470588237 0.06983504997329677
9 0.5933186274509803 0.7342657612980341 0.05428431372549025 0.08830538389155923
9 0.6810563725490196 0.7318861676966507 0.050838235294117684 0.09005345744004478
9 0.7496446078431372 0.6429297322041658 0.050762254901960846 0.08141400269576052
9 0.8626936274509803 0.7200142417537703 0.046463235294117666 0.0923484143333079
11 0.3891274509803922 0.8099472546476437 0.06991911764705883 0.10294102388036931
7 0.7842892156862745 0.8288733246865543 0.09553921568627444 0.13428590320693784