11 0.15653749879023673 0.8120737896789705 0.08189999204244602 0.10695283133980728
9 0.18445371994141518 0.6786261470269386 0.06855907795607001 0.09219219702831884
10 0.3983392266547949 0.602379519745377 0.057823492850030335 0.12677990464959335
6 0.7942777117515867 0.3622105212863263 0.06355857512468623 0.10939962518476634
9 0.5811159381203397 0.7491031857391274 0.07292867493822149 0.08992695309860277
9 0.6772822535792863 0.7599650167372419 0.0673423034322866 0.09800608270491372
9 0.7516987519544398 0.6550134253905436 0.05905722513640749 0.107785363550789
9 0.8747675116728714 0.7686039272793725 0.058130879825880125 0.08748230344805245
7 0.7890369923026794 0.7452614472360469 0.08423498785935354 0.12019025918216406
3 0.26952932831792364 0.21619604759334926 0.04959853753062048 0.08958583126080873
5 0.27925174216664833 0.1270405902626086 0.048776361333169906 0.09428349318660526
5 0.5750289272141894 0.1979723443845768 0.052558437910647626 0.10674328506801972
4 0.500975148773999 0.3306017332111234 0.053177396245324984 0.13189444182701965
3 0.5752490477818856 0.3622084745552996 0.053134451262132634 0.08290320572673517
3 0.6475184621704335 0.2843173232595791 0.050949102194349366 0.0675174412816435
3 0.7296043289093634 0.3709903151474657 0.04227713364604348 0.0883359852129775
3 0.8144063557198682 0.48477861897052393 0.05172508500603262 0.07440162109016231
2 0.6488024621102143 0.35861421994553855 0.05887982932122083 0.09230783733133073
1 0.7161334787199952 0.18838813649822822 0.05251764017661452 0.1569411422061179