11 0.18825869895200711 0.8031909906616884 0.08745358021780673 0.1019546295571046
9 0.20588669510407887 0.681319457281359 0.06494291356860417 0.07944860621567752
9 0.587606262634201 0.7540202222744401 0.07316554386914718 0.08470749762843446
9 0.6792458113030709 0.7627346892596363 0.06325441704032601 0.09500404341052901
9 0.7319117171161496 0.678316604440267 0.06301422249000534 0.08658433635327197
9 0.8615825911809093 0.758975887487707 0.06254586733379613 0.09506776324377952
6 0.773299693359122 0.3872760432712809 0.07483461097940257 0.10404891778282553
10 0.20368260180491704 0.5802698275937095 0.07407757155560213 0.1248763913909993
7 0.7898164124909224 0.8687745176366153 0.09395515155219636 0.13709299844216447
3 0.25996355295922274 0.25858938408918825 0.05843854797467122 0.08929799918191865
3 0.5513241623406581 0.38454723027249066 0.05054895615486606 0.07252119091755653
3 0.6250400821978015 0.32167357858367496 0.04151852404882407 0.08936684333742367
3 0.7097217383205044 0.40185563127159424 0.05624751318177385 0.09622407770032106
3 0.7975470481995217 0.49883342993655516 0.054909733482942695 0.08476119161379603
4 0.4890961513440825 0.433612393061974 0.04959432532457791 0.13166500439501155
5 0.39874803492242283 0.19894717457333577 0.04626172373796244 0.10080187984647923
1 0.474789188544118 0.2020355813164147 0.05959691758244151 0.14128246608008493
5 0.5531720434332716 0.23303327502328047 0.05672007835569494 0.10592263735498636