11 0.19205623968280466 0.75888072913264 0.07956332278964127 0.1256599886948839
11 0.6315548107913762 0.7459910335470323 0.07429635051284593 0.11335965891499308
8 0.3212352613023671 0.7686643469401861 0.06964646529498798 0.12136754409137257
8 0.6906366506727846 0.5185107393867779 0.0786853571087169 0.10089765650815823
6 0.8029078703882047 0.6114740753996319 0.0854160620808025 0.10567960316581115
6 0.4265954346811853 0.7487820072545895 0.06660257699820078 0.10502236879106265
10 0.5129866184995426 0.6109407011633666 0.059137357628054464 0.1424112846645248
7 0.7477232302220167 0.7312440418535466 0.09752358776589282 0.14873954395124223
9 0.21257780859560588 0.6261673782072585 0.06892345621942295 0.08506416174079859
9 0.32300059780879525 0.6088022352695001 0.05491700445003725 0.09326801741025745
9 0.42539458947371417 0.6297691389269986 0.06958829949792623 0.09675646185848914
9 0.513410854438552 0.4442802191715452 0.06126419867226503 0.09822690712288587
9 0.6223653453522863 0.6375032471436592 0.06878785777572327 0.08241425770172849
9 0.720027910108961 0.6338475551503135 0.05984767432404086 0.09077578660031294
9 0.7816904120885785 0.5196718978865871 0.06510862000333859 0.09512652545686785
9 0.9129249600152947 0.6043367258149578 0.06642534024451668 0.10347666213136454
3 0.26419168974436896 0.1936929799395735 0.052535220069254485 0.08733254746681132
3 0.34052493889937546 0.2677020789483402 0.05134049277136449 0.09182932494065767
3 0.42178036590463874 0.19039565822949006 0.045375804866077896 0.06319472730905103
3 0.5088481722602451 0.19756706329255347 0.051867363492002376 0.08629137090154039
3 0.58225779113217 0.27659904237903565 0.04865573489819424 0.08081764961525684
3 0.6419431125721045 0.20066138526490804 0.05087544033112023 0.08909143414959302
3 0.7347704285818234 0.26119748257601366 0.044498660993903365 0.09100350988818916
3 0.7913382641858314 0.1970416878519238 0.04057224141202709 0.07968279018594733
5 0.27444347996056456 0.11080764165244059 0.06563987370397471 0.100328166497658
5 0.7691340875140713 0.12370545722755756 0.047024353217966205 0.09185210938883258
2 0.4149990740384053 0.25799057149539034 0.06633165404705141 0.10990393681254429
2 0.6996225814781999 0.1180630340696808 0.05307642678697051 0.10676574265806567
0 0.33354979148029723 0.1757674365318101 0.043416795430971655 0.10369008454219482
0 0.7169189162967813 0.18133423471276575 0.050276067816342786 0.1036389407276745
1 0.49312870580816187 0.09898469453936384 0.050830423474053865 0.12357206064617168
4 0.5693198733615544 0.11171102078380242 0.05118873208892107 0.13677649672066422