9 0.2572813623332409 0.7450167943494082 0.08110459222554148 0.08833359736011279
9 0.6099328276343625 0.8023990672449749 0.06874291551873561 0.08592269440565904
9 0.6998955016879334 0.810863201576927 0.06374780833908626 0.09883069601608924
9 0.765606464688175 0.7243663991182608 0.0591150723958187 0.09181703610428196
9 0.8782929627263871 0.8048382833119656 0.0699381991983663 0.09277485749311594
6 0.6076007131688914 0.6890410886202936 0.06843433562668617 0.10639824032909123
3 0.3308442649334971 0.35715015395216876 0.043857986194002246 0.07956074776495721
3 0.5938920505469565 0.4656854738633475 0.04955484009259449 0.07144592219490585
3 0.6624884576038014 0.39724371423051036 0.04283171121104655 0.08089979717337162
3 0.7422574057943898 0.4582551336266752 0.048336927710282 0.08155974610027504
3 0.8205992224537799 0.5542830507942219 0.0510235952228868 0.07649588988160674
4 0.5334147412612079 0.5044573088494657 0.04981724495143383 0.11129194984823698
5 0.46945760365789396 0.3652252875598082 0.04386987865088619 0.08151211087221166
1 0.3979303666711831 0.2797276309640404 0.0543418292767731 0.11794336273415242