9 0.2199607843137255 0.6553838188433849 0.06492156862745102 0.08420916012271268
9 0.598703431372549 0.6678704821756727 0.04789460784313726 0.08281697066971094
9 0.6844289215686274 0.6655017876603492 0.055132352941176466 0.0856392552467016
9 0.7554117647058823 0.5686148685039659 0.057392156862745125 0.09527689266031629
9 0.8764289215686274 0.6353316224390511 0.054328431372548946 0.09777668967764849
11 0.29502696078431373 0.7823683953631412 0.07289705882352937 0.11298183102611278
7 0.8025441176470588 0.7602175461797344 0.08302696078431371 0.14286157900735388
6 0.5866617647058823 0.554565174955989 0.05812990196078438 0.11295892365496887
10 0.37045833333333333 0.15716431461089023 0.04484068627450977 0.11900945965166096
1 0.29981862745098037 0.14319245789875734 0.050617647058823545 0.1129536187900726
3 0.2926127450980392 0.23774215003386187 0.036203431372549 0.07842671270746854
3 0.5739975490196078 0.31688639394461726 0.042605392156862765 0.07967928776160511
3 0.6502426470588235 0.24585198635730413 0.05293627450980387 0.08389412348693141
3 0.7313161764705882 0.2987265634139519 0.05086764705882363 0.08179768910590607
3 0.8109264705882353 0.39054502174410627 0.04587500000000011 0.08225762089242662
4 0.5143578431372549 0.37319895748855336 0.04587500000000011 0.13109300147786465
5 0.4409656862745098 0.22571773333823125 0.0584019607843137 0.0957502554002338