11 0.14890686274509804 0.7654869408204268 0.07232352941176473 0.12145042089468738
11 0.5853480392156862 0.7741329060807203 0.06775735294117657 0.10943851885760798
8 0.2764362745098039 0.7814930444291854 0.06267647058823533 0.11765479006129033
8 0.6565098039215687 0.5513332824699271 0.07282598039215693 0.09679184150962584
6 0.7626740196078431 0.6490365962208489 0.07926960784313719 0.10123201342793924
6 0.3819926470588235 0.7669062333104447 0.06055147058823529 0.10149894458431881
10 0.4752696078431372 0.6343684036519927 0.05102941176470588 0.13916227969787132
7 0.7013357843137255 0.7651679255359731 0.08894362745098028 0.14359268584217097
9 0.17659558823529412 0.6348241397726405 0.06397549019607845 0.08147585259784848
9 0.287031862745098 0.6229815111518017 0.04955637254901957 0.09034643066046139
9 0.38738725490196074 0.6487761755804786 0.06398774509803917 0.09310688944838644
9 0.4849117647058824 0.469046870628926 0.055607843137254864 0.09498191805905247
9 0.5822401960784314 0.666055085069047 0.06398774509803928 0.07883909361409924
9 0.6792671568627451 0.6671911701126625 0.05461029411764695 0.08761852445258259
9 0.746718137254902 0.5569258157218788 0.059612745098039266 0.09170061799038687
9 0.8721421568627451 0.6473210752524097 0.06046078431372548 0.0999657180641386
3 0.25169607843137254 0.20828768342615905 0.04751225490196076 0.08454230563820858
3 0.32327941176470587 0.2854340428778515 0.04607107843137259 0.08908664581267012
3 0.40811519607843133 0.2127018132804354 0.04171813725490192 0.060814730042470976
3 0.4940392156862745 0.2240626637165891 0.046904411764705944 0.08353643091477837
3 0.5624460784313726 0.30604959182116426 0.044007352941176414 0.07823361562523845
3 0.6258210784313725 0.2336233564761832 0.04575980392156853 0.08637827115281914
3 0.7145024509803921 0.29820767528801406 0.0392965686274509 0.08859835711197576
3 0.7741348039215685 0.23731807431143662 0.036012254901960805 0.07749792731619233
5 0.2664460784313725 0.12655792070394956 0.05985294117647055 0.09686345718572772
5 0.7561789215686274 0.16347905699244678 0.041767156862745125 0.08932102438900336
2 0.39765196078431375 0.27943134711731643 0.06000980392156863 0.10638183159126165
2 0.6875759803921568 0.1544912896416673 0.04697058823529421 0.10390132499173467
0 0.32145098039215686 0.19388642201368225 0.03751225490196075 0.10130688436204573
0 0.7012230392156862 0.2181055415681188 0.044352941176470484 0.1009195086594949
1 0.4839093137254902 0.125493451336436 0.04379656862745107 0.12077658248772921
4 0.5587426470588236 0.1418348465196714 0.04341911764705886 0.13393108008443325