3 0.25630225954603625 0.08571270121260151 0.06194728610501167 0.09057894351134631
3 0.25903844438452095 0.18613064813157865 0.06040699735908335 0.08197046997658496
3 0.25920494283720913 0.292812791255862 0.06101639594060723 0.08257835420613757
3 0.25780299189747935 0.3993499622689387 0.07349556180472626 0.08952140577318386
3 0.25345063797184453 0.4973204231559832 0.0632568109540258 0.0921488889456985
3 0.25782802967072005 0.6329037904330692 0.0728857249252025 0.09508291990126486
3 0.2566041372934243 0.7590463488925437 0.0691778334210785 0.08872004764434133
3 0.2481166061010739 0.8906220044519811 0.0757089667039049 0.09644530870825335
5 0.12665820374864636 0.8768898175369428 0.06842976830985613 0.10906910493590445
5 0.17283010388176226 0.07076581234454282 0.06374512971309461 0.09179059137876021
2 0.15062631072075194 0.17121619074400726 0.059501528478669366 0.09254049058901166
2 0.1541161489699569 0.7391309475183188 0.07069511152201548 0.10252943505665328
0 0.14845700955780697 0.623085486938993 0.06233759047386696 0.10591469504118238
0 0.16337563251452075 0.27090394457652683 0.06587706597155346 0.08928948917729246
4 0.15618431286943943 0.3661396414744371 0.07795666842157072 0.11278393953940653
1 0.1536893015053653 0.4906318544840313 0.0675403520936862 0.12593299001381425
9 0.7552321036163865 0.9030765170774475 0.07062317586279213 0.09854118707505218
9 0.7414366192842559 0.7660341937151507 0.06445402194058145 0.09581127084084903
9 0.7425251871541019 0.6374707149207647 0.060278411683380974 0.09071628040853688
9 0.741724526282899 0.5113349675569682 0.06272888101322181 0.10685409299168014
9 0.7377223176718845 0.4046316155048624 0.06118924971429298 0.08648908658639472
9 0.7348958434454331 0.2963618811182785 0.05603185193745705 0.10550922881876687
9 0.71159488081633 0.19156020637044233 0.058023751984967765 0.09514615886433771
9 0.6885258326163908 0.07755497193130959 0.056430045670309174 0.09252337801410582
11 0.7949745556026383 0.08708449466415567 0.07378697518736817 0.09093741074970721
11 0.8736635104074373 0.9010938337882838 0.07414709178148468 0.12310951210944547
8 0.8675087107447214 0.7468995232725376 0.08188716052236222 0.11909666177157062
8 0.8168535151585192 0.18042719173912264 0.06500638699487643 0.10774334091741868
6 0.8264879626419439 0.2884368683124416 0.06191972811827205 0.09807289394873316
6 0.8514728661864223 0.6276500360267725 0.07430772799842483 0.09625816112914808
7 0.8694785315304903 0.5106845200391229 0.07259595516006008 0.15068320281321282
10 0.8255293501290495 0.4036472303886062 0.05803498337121359 0.12219874015181423