11 0.17011282349802326 0.7885810738723998 0.07443481615596101 0.10987923750117154
11 0.45205118955389767 0.7724485211033566 0.06162851562221333 0.09702633637548898
9 0.19970075089921002 0.6701122206031479 0.06198487015849783 0.0857718127668278
9 0.5437438068292877 0.6743794326422443 0.05732590851956008 0.07978013310495877
9 0.6277769108836869 0.6618112159248748 0.05770529196325265 0.08911385501614812
9 0.7007228652590339 0.5568996668115311 0.05776183240523154 0.08785688064013092
9 0.8051096883547133 0.6410364530340601 0.051877225196998666 0.08495571746299556
6 0.3695143435588599 0.7831299673628686 0.04981317034126466 0.09947658562773208
10 0.38461144511359074 0.5702645635742345 0.05955284586948364 0.12728665286192697
3 0.27464928883581374 0.24257361249584583 0.04989222834298521 0.06464713892510507
3 0.4763998670267787 0.30629405458837167 0.03378537950871246 0.07636021167267432
3 0.5513666673800423 0.32310352361718264 0.03483342307599013 0.0679060664161361
3 0.6895549774359282 0.2983313989654967 0.047106497568102666 0.08629122546889252
3 0.7674345601967777 0.3887495666845617 0.04981576360443023 0.07570794624672976
2 0.6165496884688533 0.3142641272762908 0.057264053714332956 0.08983134698468691
5 0.2878355572105871 0.16502950635273664 0.06133414372807251 0.0889882012083408
5 0.5502338496746293 0.15808691532240884 0.046067475634654666 0.05170850525347035
4 0.5561929127555846 0.2306336648175133 0.036024297003964936 0.09914347214765962
3 0.6161306573185922 0.23939779976310382 0.03967409576069384 0.062386461129432226
1 0.6220396813778994 0.15046806247922898 0.05176644537753986 0.12142586258319056
7 0.7278906389420352 0.6455277040672853 0.07169967227522614 0.13420175712179713