9 0.20622434640522874 0.5271862608520373 0.05974346405228759 0.06528955237376696
9 0.5371313725490195 0.7123799383422486 0.05027712418300645 0.07777324980431724
9 0.6773735294117647 0.6108982345688431 0.05373333333333319 0.07877459127956316
9 0.7876566993464053 0.6737268601171554 0.06252630718954255 0.07560775572754908
9 0.5803769607843137 0.5127381478373162 0.04338643790849672 0.08005718704640914
6 0.3659676470588235 0.7105185094761352 0.0711194444444444 0.09699641639045004
7 0.5215274509803921 0.4303641092734351 0.04942467320261423 0.12449808989070973
3 0.5937591503267974 0.4363802842134115 0.044729411764705906 0.06773885672249395
3 0.6604222222222222 0.3639204112023826 0.05100620915032694 0.07190790181855526
3 0.7359364379084967 0.44117629200116426 0.05348104575163415 0.07984605342353113
3 0.5103495098039215 0.3714423961562336 0.04056062091503265 0.0515657222085645
1 0.2961553921568627 0.5112280939315247 0.06681421568627455 0.118349172763211