11 0.14455954193164963 0.8417780960566353 0.06581168183261751 0.11789943111461372
11 0.7981822411769723 0.8854068968667995 0.07703373816493071 0.11142152741490731
8 0.2623016922347894 0.8636161313319075 0.07812637599370856 0.1199032295215065
8 0.7229519720754376 0.8787937870900993 0.06289845200483765 0.11342076940868126
6 0.35780682012558596 0.8640482596028558 0.06348037487965091 0.10939202304095297
6 0.6222644308090682 0.8836136924630539 0.06699611915110824 0.10154544106463531
7 0.4397966112290406 0.8732622284659702 0.06389701462684452 0.1148084043131353
10 0.5242347068358255 0.8471338307392271 0.05719677138377557 0.11484081088772578
9 0.17283172927684473 0.7306283209172217 0.05900299333070946 0.08384382482860629
9 0.26716315609494873 0.7227005275776639 0.049565906684417 0.07993398378719488
9 0.36115518907793454 0.744511955349588 0.054040278414023646 0.08673994923147625
9 0.44611179947537494 0.5866698129064741 0.05483712808292491 0.093263124672227
9 0.5344743324436644 0.7609131420424099 0.05611178657123343 0.07310111844941838
9 0.615837493843649 0.7674748155191401 0.06531895238443455 0.09662539206644265
9 0.6751988942584456 0.6735934318817571 0.0488017612719469 0.08770793117790772
9 0.7849156916512355 0.7616356380948573 0.06912598843932294 0.09481510720496149
5 0.24913085129338927 0.252649035312392 0.05349395949963478 0.09182246968784123
5 0.6878523032100485 0.31275874786203983 0.04090880370721663 0.0750846688386534
3 0.7042706290984091 0.3865347027699969 0.03823325784410502 0.07324957954639552
3 0.23305478223902631 0.32368327218077175 0.04512425756379842 0.05723846567509095
3 0.3009962048919601 0.3464792994057969 0.04962116623330263 0.08451069365564774
3 0.37304197502188335 0.35193778485910165 0.05248976264265352 0.08986896238617757
3 0.45671519111392134 0.35964599319850266 0.046276100741199505 0.07544379703631376
3 0.5231031799389346 0.44986765119911365 0.051811305318441844 0.09302241448397228
3 0.5706893228981843 0.37474860215237976 0.04120440834152394 0.07345854103788975
3 0.6361982242467386 0.37755579121896804 0.043403136423301666 0.07729411498204446
2 0.3100966872917863 0.27540744167187775 0.04879052950711191 0.08303100458668002
2 0.6330272878146909 0.30557696361589143 0.04781336596647365 0.0850348273594181
0 0.3825454795716685 0.28073379114472835 0.04501405045949502 0.0845465114486162
0 0.5683057662156669 0.30049210403835336 0.037318217708640446 0.08283622401729976
1 0.4507475452379774 0.27033111014028444 0.04792170110997122 0.1111116425911173
4 0.5114959217894317 0.28563541956368005 0.04786945138042038 0.11062615311839998