9 0.25397549019607846 0.5446795351084662 0.05942156862745096 0.08022908878207567
6 0.5030735294117646 0.855273467104092 0.05761764705882344 0.1154737671981894
9 0.5956127450980392 0.7488558276747792 0.05887254901960781 0.08818493934538797
9 0.6833602941176471 0.7391063299509169 0.05054166666666671 0.09472800793469134
9 0.7412745098039216 0.6565855395335826 0.0658848039215687 0.08268355331756568
9 0.8563063725490196 0.7236926832990006 0.05084803921568626 0.09320129193052051
7 0.5793455882352941 0.5314729533836882 0.04594607843137255 0.13844937819485778
1 0.4101151960784314 0.5269741868212914 0.05552450980392154 0.12619984232344036
3 0.5612377450980391 0.4038473080542203 0.04649754901960779 0.07851356781363653
3 0.6244852941176471 0.33113461000483196 0.045539215686274614 0.08283003992777398
3 0.7084534313725489 0.38844342717631797 0.04190686274509803 0.08351689936675064
3 0.7917965686274511 0.474375727982503 0.039473039215686345 0.07959431347117324