11 0.16219566138186747 0.7918581225141517 0.08122289341126944 0.09775280593669879
11 0.44652833655895063 0.7844955385303495 0.06781475182296251 0.08728756996445898
6 0.36279664014492474 0.8007799244927305 0.05292558403221708 0.1013850468674101
9 0.543014908216527 0.6976815624714442 0.0588490215627628 0.07797912151860983
9 0.1897634677666347 0.6744928456621794 0.06137617474374261 0.08512764883829436
9 0.3709517929870519 0.4130752642994897 0.051987055825986055 0.08412818421849975
9 0.6227876370887337 0.6912926371274533 0.06047551463257286 0.08691631351387767
9 0.6948844864100509 0.5867245408244239 0.05576318886477832 0.07255617211809906
9 0.8054031057155331 0.6768194468250877 0.0607766243752404 0.07766583002688453
10 0.3713811871574818 0.5815222719512136 0.06111476811395879 0.11176569930793018
7 0.7237478153773973 0.6733784853337952 0.07459664405476375 0.115726006146388
3 0.26531048423357384 0.254175878264968 0.04691773568184333 0.07102711855603165
3 0.4103499592725092 0.2652548681027476 0.04549693142793836 0.07700378844498308
3 0.47835588658860023 0.3384416861687034 0.0564301344333013 0.08245744400679084
3 0.5471775627366268 0.35082272066638776 0.04194900787832566 0.06915079234539034
3 0.6136634280166038 0.2702621885565607 0.03667866987273484 0.06963719074482867
3 0.6864485758411042 0.33741299282921405 0.043606863070917885 0.07951036661905371
3 0.7622600016942637 0.4288193252439557 0.051803387223949136 0.06870618091926485
5 0.27953754423005495 0.18015196641128858 0.05615504857975085 0.0857474355903755
5 0.5456004483282179 0.18249745420267688 0.04389062355417404 0.05850102391704781
4 0.5441831472901558 0.26032917629745056 0.04693391720264059 0.10977546234976698
1 0.6167616053799385 0.18268220827501958 0.04865232798337023 0.11067618462248768
2 0.608645822011091 0.3412636981248227 0.05207296802403248 0.08549129646462461