11 0.13490733478576616 0.8279058620075785 0.07105461147421932 0.1130364470215237
11 0.8437946259985476 0.9188228308876512 0.07276614015976768 0.1108400159372008
8 0.25356666666666666 0.856226389630647 0.06619346405228754 0.11889547739545452
8 0.7478082062454612 0.9196626874528454 0.07728799927378338 0.1298811050922748
6 0.35350355846042125 0.8645798157049245 0.05525836964415398 0.11693537804226742
6 0.7176031590413943 0.7761472597339841 0.05603191721132905 0.10703961072539701
7 0.44147441902687 0.8826820884514637 0.060020987654320956 0.13143842052168925
10 0.5419089324618737 0.8585209124895095 0.05415163398692813 0.12022926510855102
9 0.16487846768336964 0.7108595881759533 0.06432993827160494 0.08814826343853616
9 0.2728938816267248 0.7175007485397965 0.05485170660856942 0.09123424802692348
9 0.3680031227305737 0.7453718335410254 0.05918810820624543 0.08816128447055431
9 0.456811746550472 0.5792751150784567 0.044140885984023215 0.0810630858828615
9 0.5514592592592592 0.7677512982884462 0.05605797022512715 0.08061906869103046
9 0.6386924291938998 0.7899623576884276 0.044643827160493865 0.08576129125234158
9 0.7036083151779231 0.682067699193815 0.04947300290486556 0.09349947356374444
9 0.8289501633986929 0.7814802404143673 0.052241339869281145 0.1041673880793127
5 0.2621614015976761 0.24451176046726514 0.05228794480755261 0.09188204436984479
5 0.7216665032679739 0.32499020201249545 0.04899787581699355 0.0864655120673432
3 0.7373935366739288 0.39112858099573594 0.040462381989833096 0.07836013665301828
3 0.2480064088598402 0.32337125369819353 0.04032786855482928 0.0783742427710384
3 0.31489366376180095 0.4089144426642251 0.03876492374727669 0.0908180090367318
3 0.39587656136528687 0.33931854564566855 0.0394138162672476 0.06447863143528058
3 0.47226496005809726 0.35543728118138745 0.03808690994916486 0.07327824487339248
3 0.5354988562091503 0.4418821766147012 0.04383004720406669 0.075806278239787
3 0.6032548293391431 0.37806219238235717 0.04064529774872927 0.08575847002873778
3 0.668033369644154 0.3838760831786239 0.04011993464052299 0.06961108822257825
2 0.3777285221496006 0.402903934284479 0.05640243282498192 0.09854881276332397
0 0.3884942265795207 0.2711395539279265 0.04050032679738558 0.08263993286030362
1 0.473532443718228 0.2622626823665048 0.0488432461873638 0.11892021735628971
4 0.5376127087872186 0.27986907081033885 0.04006537763253459 0.12245195527411139
0 0.599014941902687 0.30309707281096615 0.03537425562817709 0.0827486584776582
2 0.6602863834422658 0.3081377313225333 0.045836909949164895 0.09591574307198014