9 0.23552707914012483 0.5665010885510193 0.054981490068008225 0.0675859982381275
9 0.5613624803710543 0.7332338848129872 0.06168130480277896 0.0830808099972249
9 0.6497476480921174 0.7325166777388077 0.057381069764801854 0.08503763270855494
9 0.6945593001544119 0.6447514450352809 0.04576162579334408 0.07818658714065105
9 0.8073068530670637 0.7005206076236283 0.04875912114716005 0.08725017642900736
1 0.38262368222283344 0.549071164373428 0.05838545704335319 0.12213153703558642
3 0.5229000193560688 0.4198591507619471 0.04697275102128726 0.07293130998417015
3 0.5951155708657693 0.4174981254720165 0.050615422275196796 0.07446313576572317
3 0.6677937958706085 0.40406705404655324 0.04541217569489006 0.08044505171995311
3 0.7440294299564998 0.4834290171323251 0.04017536074327304 0.08161161482100364
7 0.5399457290761625 0.5420562890244621 0.048802227257710856 0.13081045558234144