11 0.3809471003419923 0.837727257354243 0.0964789775329472 0.11798490189450622
9 0.19216338585204873 0.707918487273223 0.09529310750713729 0.1244363426340162
9 0.6044545355710501 0.7253704535017929 0.10912201206175556 0.11721323626461568
9 0.7791916209749562 0.624336914422923 0.08126335289409356 0.10093963806585934
9 0.708891744674294 0.7217724013145748 0.07552104643647466 0.10199414595719011
9 0.9152940525871993 0.7016134972101739 0.08453678150587893 0.09303808839388758
6 0.33429455166480476 0.31510478403346465 0.07173289161113036 0.11534660822849589
4 0.5025624681656116 0.3931153411560191 0.07162676870791976 0.1468321220573796
3 0.576524159893165 0.33743155566538746 0.04868805937568196 0.09111345697002053
3 0.6469405686745338 0.25323998981214 0.06285094700617634 0.08724220955367513
3 0.7455326356519469 0.32473644896270354 0.053152672376525566 0.10171455169155394
3 0.8381973248413095 0.4227273188980068 0.05483792818589994 0.09435730794321683
1 0.4943823482328971 0.21561685465919428 0.07088379881094546 0.15768071890690705
7 0.8391451442659578 0.8391172783643372 0.1281196005667057 0.14375069511314112