11 0.882751102004588 0.7690362448009507 0.09341710412560081 0.10884414477253344
11 0.4327132880312618 0.7892502518794079 0.07223655750365991 0.10959477124183002
8 0.7527180095906676 0.7919055516804876 0.06794814584269904 0.1347424113255317
8 0.3542071267190004 0.5595651657237335 0.07281826837730962 0.11977948280761579
6 0.6428601220735207 0.7839429590017825 0.06068972576684973 0.115510501433775
6 0.24048327800255906 0.6568060141052469 0.07235614575048119 0.11585109406081281
9 0.8462822935758666 0.6407419463173939 0.07361575082707993 0.08703298974398711
9 0.7345565128932231 0.6385396677775195 0.058198310105935326 0.10577550440466041
9 0.6316505129623866 0.6526858353354518 0.06500812670747298 0.09439045183290705
9 0.5284982357552075 0.4641826965305227 0.05788248204631651 0.08773070862073415
10 0.5442289593203538 0.63512382133354 0.058191264654009645 0.13862450592885361
9 0.43457642275017005 0.6656581156836912 0.06094780694170679 0.08396104265157982
9 0.3309804480639993 0.6813419101500943 0.057049255916358184 0.1020951199979333
9 0.25953150568869526 0.5526243509261412 0.055187707346312946 0.10529933607171463
9 0.12269910952035146 0.6574607455630473 0.062162999850145714 0.09401679196052597
7 0.306222010697283 0.7820944999870831 0.07413112010236185 0.14818755328218242
5 0.7417519665479361 0.10840228370663153 0.06164783345436947 0.08711896458188018
5 0.23397176804878328 0.1467437546823736 0.04231789835275674 0.09105066005321757
3 0.7620160511118028 0.196470278229869 0.047813664395799524 0.07146162391175179
3 0.6898535261841363 0.2769857139166602 0.047165833246879174 0.08369650468883208
3 0.6006804031077451 0.19949923790332996 0.041915938721167494 0.07421281872432768
3 0.5119003682954663 0.2105966054405952 0.0405888485435328 0.08649068692035447
3 0.44005688061232723 0.2987307344545196 0.034444255397632205 0.09411930042109073
3 0.37163940069855106 0.22124095171665503 0.03748066074166299 0.08463230773205194
3 0.28129948069762883 0.28267328011573534 0.046698527970858904 0.08845488129375596
3 0.2181160707081186 0.21905190007491795 0.045682839390900475 0.08356092898292389
0 0.611163648257657 0.12390751504818003 0.04439354013210223 0.09498566224908936
0 0.29151308054085834 0.20255134464853136 0.04193893787967863 0.10015737942080652
1 0.5211999959654644 0.1099233769924307 0.04505468755403372 0.12322839649693872
4 0.44267384180009445 0.1293272365599731 0.053368357713455654 0.14219576842594744
2 0.6165588045094582 0.2687288227543982 0.059410072506368906 0.11016683458627193
2 0.3042966288573042 0.132508305562014 0.03827427003723313 0.08903686481180087