11 0.1885792663421992 0.7470131923921455 0.0959454974940874 0.1235828620540977
9 0.21286054336472626 0.6101409788788095 0.0709877085183823 0.09106030603882735
9 0.6290192149837157 0.6452068174874436 0.0690479166621861 0.09017524106482551
9 0.7211194480468506 0.635388283264376 0.07341663272160523 0.09913436754926232
9 0.7873835387600985 0.5389627642290351 0.07031446332033602 0.09127696713751764
9 0.9232837088796981 0.6109690277742085 0.06297503722486386 0.09486781052890085
7 0.8579211508200223 0.74287755305996 0.09999893497818134 0.1581298543474476
10 0.4210989132562095 0.5114864966577863 0.05906071212222231 0.13284256560932214
6 0.8106585450867123 0.24048088813507054 0.06533049614273696 0.11798198259935977
3 0.26351949163417326 0.1653181267614079 0.04769189039222146 0.07659218370324679
5 0.2765721421090099 0.08563340557425823 0.059568857718217995 0.09943538320526986
5 0.5721224344953512 0.11116176998832152 0.048453448094165755 0.10828917613936505
3 0.6533339487175075 0.19065753404317892 0.048747657934147134 0.0811205760999609
3 0.581108360234884 0.2709089073345954 0.046049006201873584 0.0824699566268913
3 0.7438205332134682 0.25779498996336553 0.05289408782415384 0.08909091220586098
3 0.8383661527233833 0.35195295031366264 0.05478909944146565 0.08542485144924421
4 0.5108495235145719 0.3199107182118516 0.05723867027122364 0.13370862522378987
1 0.49352300299447777 0.08796426672605841 0.05596630585252995 0.1397385872187815