9 0.6111373099293261 0.7589638655874417 0.054423199537190846 0.07751692853741937
9 0.7581881313213591 0.6677470643062229 0.055380374490182356 0.0769411695450808
9 0.8746785844355097 0.731438463691584 0.05629908821103875 0.08799656956528012
9 0.648384001227979 0.5603488793663162 0.04058484821497752 0.07167556767519381
9 0.2838744854760338 0.5591095274783939 0.06458178405958588 0.09160300451600797
6 0.5122823048646363 0.6418759537722374 0.05439502552618103 0.10711953945375045
7 0.5763222026006222 0.40625932909146 0.05921333747486654 0.12256464009003157
1 0.36083504026772256 0.5469016491364758 0.05881714044504104 0.1247333766177554
3 0.6551544755711082 0.4817408602057453 0.04773882274744396 0.07157148191432566
3 0.7215443082517153 0.4139524413856786 0.05160366684984968 0.09644029606544598
3 0.8038734949834591 0.4980279548110635 0.05324471031350387 0.08308422398245538