6 0.2995331426200701 0.2579631597628014 0.049250006262983044 0.10292680642725574
1 0.4587810309087263 0.19781294165740862 0.04067834144624941 0.1310033432887504
4 0.5020373314334411 0.40834627691449404 0.048851381078261154 0.12070013341220716
3 0.5667897721505055 0.35880736450773587 0.035143983300642945 0.0760035604803609
3 0.641017744442779 0.2900934516440867 0.04063131679761003 0.08080630452033646
3 0.7208306768872756 0.3495156357760175 0.04030271885867451 0.07638597161503806
3 0.7991798211755439 0.4373529125125644 0.04592936542587189 0.0757771179308124
9 0.20032056857749192 0.6754530919024465 0.05880058821357279 0.07356691454212301
9 0.5773486315201092 0.7132089150519174 0.057432128306438644 0.0923582480389752
9 0.6669775562202283 0.707253027841502 0.05395371300767272 0.09400488132854336
9 0.7390279184233791 0.6136551078022575 0.0536793685754647 0.08517928542228762
9 0.8526881809183922 0.6878301619318318 0.04953938301290771 0.0961726575192254
11 0.36715853543219296 0.7986999652762748 0.0737276240993795 0.10793235395114625
7 0.7701628140994591 0.8021469842781361 0.10059804956951933 0.14097107542551