11 0.8668715848545312 0.87622166871187 0.08043369236657784 0.11451122425001964
9 0.8363418962834893 0.7484293151614841 0.06605745055834247 0.08275958678189438
9 0.45810766456660595 0.7571455645196382 0.056969456705713496 0.08651816575720399
9 0.3730061616333611 0.7492233623142999 0.054474406474532326 0.10550066055716567
9 0.30057053424204977 0.6493714872544668 0.05663200329489766 0.08192788700033939
9 0.18625966762864873 0.7107158629452668 0.055399585809236464 0.0849610401817187
7 0.26277426195892156 0.8421028171588211 0.08171985277745025 0.13678130597112353
6 0.4575737560815167 0.6397366474330521 0.06639725114717464 0.11560114531387344
10 0.39326282950796304 0.2323692923596425 0.06093052452035521 0.11400503032993049
3 0.7460442255607803 0.3214369198367319 0.050444637131925436 0.07557439579471377
5 0.6061554149693723 0.23127424697353416 0.046812248753134396 0.07950007223484151
5 0.6002647432846812 0.31195714646266853 0.04379830452480842 0.09184567852884606
1 0.5275628788441079 0.22882860847845574 0.04579660992282309 0.1317146880412173
4 0.5340753477907159 0.45210869690086425 0.05390625899584226 0.12180112964848618
3 0.46738041486022147 0.4006094810405298 0.05646801751651456 0.0807782564423904
3 0.3983992560283967 0.3153672715246773 0.04598881772259126 0.06805612386099578
3 0.3111473468360104 0.37398261142006745 0.04845536650643346 0.08112693315231109
3 0.23529922066354927 0.4647619853267538 0.05068006281262585 0.0865834451667927