11 0.16338836094108425 0.7687413906039651 0.10082137612246546 0.12307275999552221
9 0.18020205530771982 0.641444547205502 0.07364535279132231 0.09458900227050274
9 0.3843923470622817 0.4502537026990565 0.059167354843171864 0.09277779901889018
9 0.2914564546806377 0.634825807377555 0.06511128171433181 0.08774452338101096
9 0.580054119260873 0.6902279194330345 0.063396544132056 0.08567583651232402
9 0.6756316872427983 0.6978477884844466 0.06716479118396336 0.07887074438617488
9 0.7412262094961443 0.5821569603393986 0.05615400398842654 0.09101759280787404
9 0.869282480893592 0.6821600259486021 0.06325948980415207 0.09210256586897685
8 0.2795868047630575 0.7929493330577728 0.0815235513135295 0.09469929990441493
6 0.3840914029809454 0.7872213513366114 0.06773167341010494 0.10969705925409244
11 0.4766921384191537 0.780894338095361 0.07430696130303964 0.10828589618836813
10 0.46971044598909517 0.6405489392360663 0.07406822745559129 0.1153569959326139
7 0.6953174729974294 0.7860980202709102 0.07398342382220377 0.12229391614353251
3 0.24422182683773103 0.19278669273008572 0.04219818100079536 0.08105039023368098
3 0.3181124793950502 0.2851864963933165 0.04868824105773995 0.0866289814886575
3 0.3960493608142846 0.20508550351483007 0.0487848117024587 0.07706328875570143
3 0.4849813708199329 0.2181770463946082 0.04437081762746235 0.0846552343554901
3 0.5606481227882099 0.302114354112308 0.0514040230083802 0.06000176588275476
3 0.6227959251190187 0.22611531627729414 0.045079752394785254 0.0659948734288036
3 0.7143270798031147 0.2990894359910558 0.04448090742469833 0.0942270261581429
3 0.806189204735392 0.41519286987522286 0.049599649571763035 0.08334635930202844
5 0.24875397055941717 0.10235453713032572 0.05428970732325847 0.10505610811152155
0 0.3115325252734839 0.1797185173703503 0.04679487729248083 0.10062370106291672
1 0.4750896669779022 0.11674657802807845 0.05406026904588999 0.1270797753034752
4 0.554138457193577 0.13302771391091936 0.044434318912750306 0.13157170339369828
5 0.7560750342935528 0.16668230701444683 0.0611987504466807 0.09365687336565429
0 0.5560919286233013 0.3750502627870062 0.04549583981740839 0.09697197493548736
2 0.6321855206280043 0.3109272158929448 0.0538465631520098 0.1065095237685178