3 0.7528250174026687 0.05913665717731198 0.05524616987155382 0.09734374592514546
3 0.7546205214563615 0.16515208570686174 0.053796299522331434 0.09214992228627779
3 0.7603596963512106 0.2713885124556108 0.05214422070096733 0.09763479595032033
3 0.7670848807191334 0.37935138119128037 0.06325768495398616 0.09414304845281644
3 0.7764547419494287 0.47778598602199973 0.07122792513590573 0.09474853971490055
3 0.7859958141832288 0.6106766985421419 0.06319095505702525 0.10091175851924195
3 0.7934710124947936 0.7321303268164213 0.07079408904287843 0.09138885510031396
3 0.8059555228650636 0.8665458539515025 0.06926770688385786 0.09463243646082285
9 0.31918643459284923 0.09001926995738832 0.06701126001056718 0.09399575691642606
9 0.30643417876967616 0.19377976130989263 0.05882229405527704 0.10554675149026649
9 0.28642216530061987 0.2994350626421143 0.05400324295415954 0.10718925313924421
9 0.2903072731326452 0.4073926927209892 0.07333006371061457 0.10710129243678443
9 0.2992652479279891 0.5119330129605358 0.06750991733463521 0.10602651498927801
9 0.29759149473690244 0.6369846238189466 0.06388712259866476 0.09894823685505452
9 0.3083092778627301 0.7711445532341378 0.07073807703915903 0.09863781598266236
9 0.29269672098593374 0.9111139093761867 0.06864628930655284 0.1036049154286247
5 0.9231050140475919 0.8521774366559399 0.07067129208452788 0.12680680454308801
5 0.842341742675645 0.049428381070403024 0.07172221455142694 0.09885676214080605
2 0.8932761261193447 0.7218946005857321 0.06957705758329795 0.11026824321301758
2 0.8601449158040608 0.14378799049351307 0.0602878558406656 0.10290476285655281
0 0.8549653654273673 0.24500602769140276 0.06511476183614452 0.09762200388140305
0 0.8940936407673375 0.5914845748017181 0.0720999835830644 0.11308664056856182
1 0.8795694455735568 0.458252740443782 0.06863349757437975 0.14461738484044656
4 0.8737119333916887 0.33337717281951856 0.0741794934550912 0.11854800119164208
11 0.16717648177182473 0.9180500128015868 0.08219946906626359 0.11894236240197725
11 0.20811923770934282 0.09574414720016448 0.059908912245385276 0.09745802174080638
8 0.1727003444688907 0.7603532857247555 0.06926071455967127 0.12614600281159014
8 0.19629907154701304 0.19236897885215923 0.0780922218852809 0.10601457572495533
6 0.1909022636015029 0.3054129791909968 0.0962813309331631 0.10196716511953066
6 0.1840982917067233 0.6330288287928151 0.07738786910325542 0.10029225689596252
7 0.1635759486873979 0.5198795680011726 0.06202776999944803 0.13129730804996137
10 0.20276421853593915 0.41704522243827874 0.06081604242881763 0.1270154980102812