11 0.41121813725490197 0.8292769766791283 0.09204656862745098 0.11556165916431412
9 0.2193455882352941 0.703916990920882 0.0906519607843137 0.12200707001347873
9 0.629531862745098 0.713207497266092 0.10464950980392151 0.11454601866687023
9 0.7997696078431372 0.6093484906284174 0.07747794117647056 0.09889148292261127
9 0.7331691176470588 0.7075889219501029 0.07173039215686283 0.10005361003026361
9 0.9375563725490196 0.6835130337478701 0.08099754901960776 0.09096167442333615
6 0.3474828431372549 0.3106199740596628 0.06751715686274506 0.11341969939726868
4 0.51725 0.3848854301772589 0.0663627450980393 0.14476457872383722
3 0.5888774509803921 0.3280811779964904 0.04539950980392149 0.0897474631876096
3 0.6560343137254901 0.24300501004552275 0.05961764705882344 0.08561654077973599
3 0.7563627450980392 0.31215645583784746 0.049487745098039326 0.10021311767249051
3 0.8516838235294117 0.4077633834337886 0.05140931372549029 0.09285623458203
1 0.5032181372549019 0.20858391190458023 0.0652622549019608 0.15557854581521327
7 0.8664779411764706 0.8217019913023575 0.1226642156862745 0.14059133796190337