11 0.19302696078431372 0.7941527428091859 0.06252450980392155 0.09414206149385815
9 0.20865441176470587 0.6802675415172554 0.07172058823529409 0.07470491594822118
9 0.5717524509803922 0.6999227893492027 0.05772303921568622 0.07169705755194422
9 0.659860294117647 0.7006714986902672 0.06481617647058835 0.08621876351059239
9 0.7217916666666666 0.5927303985147885 0.048975490196078386 0.07541781745123471
9 0.8341764705882353 0.6740011698583454 0.050705882352941156 0.07845171791154855
6 0.7606446078431373 0.3137547875181201 0.05070098039215676 0.10015777828641183
10 0.39614215686274507 0.5800381475547417 0.05944117647058822 0.10536944635182213
11 0.48125735294117644 0.7929971262175429 0.05564950980392158 0.08206830955469091
3 0.26025 0.24321009129981436 0.04255637254901956 0.07625767401642888
3 0.47768627450980394 0.3187711401032527 0.0411593137254902 0.07763790341039141
3 0.5569534313725489 0.3380910963607232 0.03792892156862737 0.08047323313242288
3 0.6165367647058823 0.25548241397726407 0.0394460784313726 0.06499773657841865
3 0.6995661764705883 0.32138836753897404 0.033936274509803965 0.07962035553521012
3 0.78125 0.4161098649576562 0.05759803921568629 0.0802551308461127
2 0.6190098039215686 0.32887871620762443 0.05419362745098044 0.08483527885862518
4 0.5516078431372549 0.2392647185982045 0.05419362745098044 0.10417476666412345
5 0.5455392156862745 0.16853121741563032 0.03670833333333334 0.07338979171435109
5 0.2738529411764706 0.15208239871824214 0.05261029411764706 0.079551995117113
1 0.672235294117647 0.156965285725185 0.04325000000000001 0.13488812593779403
7 0.7578431372549019 0.6761919584954605 0.06792401960784322 0.12189313598331683