11 0.1400771976010965 0.8033202314273761 0.07668558015133971 0.11036008599171811
11 0.44951069232389973 0.7814858607107301 0.06976042678066019 0.10945670432411375
6 0.35943847180318156 0.7960169420998716 0.06034048327059493 0.11073579939113266
9 0.16772479945783567 0.6767858534966599 0.06927544454508663 0.08578845921886068
9 0.27039330519697263 0.5110711278477542 0.05279809663239765 0.07747777633496376
9 0.36978695286688945 0.4643451903793159 0.04674754241270383 0.08169047944711354
9 0.5496130461194485 0.6694643916374495 0.06061888698465246 0.08254931625041481
9 0.6412627332237131 0.6714705357168622 0.0622643789763608 0.10411560518835943
9 0.7110022148514515 0.5427827866510843 0.05678490454562217 0.09028135913084884
9 0.835819014995681 0.6314816580819229 0.06645646792375258 0.08718515863740642
7 0.7369711461114116 0.6425915018251597 0.07136866234991462 0.13120996349680414
10 0.36554277907019683 0.5702521935102224 0.06275547793800881 0.12137234471713629
5 0.2579318659851962 0.14665904860840584 0.055391125099646644 0.09073670663261628
5 0.7388187680965816 0.1391276422975371 0.05472078752848199 0.08264246894342722
3 0.2431707231247434 0.2286280996695956 0.04502957648477948 0.07643167380859626
3 0.31125081111060426 0.31197176239737984 0.0485002624660514 0.07878715895482549
3 0.3928940904229939 0.23310615129348278 0.04754429232274132 0.07998189210636429
3 0.4657736767909778 0.3043350145002814 0.04511261567512423 0.08819166572883748
3 0.5443897327624968 0.311113147210319 0.04022970739198532 0.08419629427635654
3 0.6131332074944374 0.21904711249621261 0.044812618064470226 0.07106900402545122
3 0.6973727589924489 0.2818260439481164 0.05005233536862176 0.09404558484468106
3 0.7795976833479228 0.37636509428789916 0.04946216398010028 0.08371922838303826
2 0.6134851972767247 0.29369869079051786 0.047645681691309415 0.08783013576880357
1 0.47439668503567 0.13589935852486693 0.04916429795580581 0.13092112366359343
4 0.5470351241120502 0.21075992093378926 0.04322282535110719 0.11297087304679045