11 0.2161368572120206 0.8112699356930104 0.07920545008126705 0.10172214596471496
11 0.4982139744786803 0.8206157189973047 0.0660358958398175 0.09055504328115901
6 0.4163207213749697 0.8319469331947877 0.050983380018674015 0.10366174810528311
9 0.5869215997510115 0.7396675922816301 0.057268181346612906 0.0807962623296527
9 0.23378267109312859 0.6957957592406013 0.059664169865477054 0.08803453536980113
9 0.39217868727738003 0.445622109893096 0.050336729259604966 0.08649156871356357
9 0.6657018881626724 0.7379764353777426 0.058738043365494264 0.08975557526577721
9 0.7286839125773766 0.6378836962980186 0.05428745720510439 0.07523655614590528
9 0.8460581353529065 0.7342570071272545 0.059191755714631464 0.08059881413356824
10 0.40661736348860533 0.6137028199968808 0.05896041774734577 0.11443828987994949
7 0.764588494657122 0.7260306113134758 0.07231167825154754 0.11915825949176337
3 0.273930293598921 0.28089054837472005 0.04550989383407673 0.07320029967191087
3 0.41905317633226136 0.30045807855958473 0.04399637583428431 0.07904435967135592
3 0.4927539336722343 0.3774669655731321 0.05478631946605801 0.0850956410749534
3 0.5622077774319604 0.3938592808830945 0.04059624442369512 0.07104742604600507
3 0.6216082408271951 0.31738892457778506 0.035343085382301014 0.07122013504372124
3 0.6995585122938064 0.38865638252373125 0.04207363142787974 0.08141927372617908
3 0.7825351972887921 0.484300646323039 0.05041076183559831 0.07118552466026175
5 0.28191767818238406 0.20787385764436064 0.0544577653283536 0.08834242816533243
5 0.5466381401943492 0.22583265409613798 0.042705896185634536 0.06059927875898324
4 0.5517032299339489 0.3034002795789667 0.044880727599681966 0.11163112569284776
1 0.617403433966179 0.23019437072247528 0.04657589653145225 0.11262542101894184
2 0.6225256803956151 0.38793086266663995 0.050399529688418744 0.08784852599118016