3 0.7396593649697242 0.14881874042332166 0.06389331873660056 0.09672751071289444
3 0.7357446973531113 0.25088277020300387 0.062232609071840236 0.08788214171319733
3 0.7343674886741373 0.35953256979613035 0.06285794236752372 0.08854676881790251
3 0.7345840022416411 0.46815998614898496 0.07560102901173042 0.0965790278318833
3 0.7378923910910695 0.5682972843353677 0.06524007353393715 0.09842287495130508
3 0.7319135323151823 0.7060486205254728 0.07504516689582642 0.10216530840150652
3 0.731727268738447 0.8346312496212613 0.07121012793138387 0.09542196944119809
3 0.738852550264964 0.9587211842617841 0.07792575563071151 0.08255763147643191
5 0.8622964234384719 0.9535261671644375 0.07068156865641274 0.092947665671125
5 0.8245584292873015 0.1402616941522746 0.06573158027732345 0.09809887200796434
2 0.8459591300173553 0.24435085313595636 0.06143348661350741 0.09851949963208245
2 0.8359849369828062 0.8225323325974981 0.07290642582057767 0.10953515647318526
0 0.8430435832661782 0.7047840782582349 0.06446321225140841 0.11229715967623248
0 0.8318887323505155 0.34487132580184393 0.06786681813672978 0.0957351131887634
4 0.8381098320144866 0.44244984287754835 0.08039198251288246 0.12050560360126394
1 0.8392325292821607 0.5694530130286111 0.06997006366521338 0.13299589490542355
9 0.22395555758287955 0.9415076760593862 0.07278822472307114 0.10548844392503168
9 0.23951092952080583 0.8030225684975977 0.06649656028284054 0.1022293554949574
9 0.23986197399088144 0.6719848746915986 0.06220122841352481 0.09673327273514244
9 0.24210321656671235 0.5435708955546898 0.06487095691864135 0.1132802493182703
9 0.24737416624491082 0.43520587283036827 0.06307768111786644 0.09252300740163626
9 0.25146940702945636 0.32515146950612467 0.05805927808441059 0.11138232783621176
9 0.27630833802152005 0.2202649352897892 0.0599633036982009 0.1010414924468684
9 0.3010160930425861 0.10598541834393801 0.05831621765060661 0.09825666277106868
11 0.19285563845862563 0.1071892377613297 0.07591281522172778 0.09803704107691641
11 0.1037622609296295 0.930028398043544 0.07664287428201963 0.13066316235986652
8 0.11175608048765837 0.7734625078994068 0.08445235795880332 0.1272159217417653
8 0.1695899108773897 0.200517598580271 0.06719234714158187 0.11436328788469026
6 0.15858706987244509 0.30976332424360475 0.06395027843122784 0.10431831017616763
6 0.12938405871709488 0.6532795775440419 0.07650159644523216 0.10346974159200101
7 0.11243177482802143 0.5327039432108385 0.07538119758371954 0.1584773302168549
10 0.15825533942833814 0.4271895701856902 0.06028128077640709 0.1284525403627235