11 0.8788583499474156 0.7976893708757713 0.09369389569582362 0.1164972254345162
11 0.43361483976282184 0.8362276348663827 0.0927139242139766 0.12442341062826773
8 0.7452054687752033 0.8211214441332086 0.08811699410925948 0.11983398178843399
6 0.6492036105788153 0.8224219955056435 0.08371166469878481 0.10930523189907972
6 0.24382130344734143 0.7142437083294072 0.07474574324629495 0.10924763104018362
9 0.8412468033215261 0.6703392810743053 0.0736154643232745 0.10279962423297538
9 0.7346122628057474 0.6657010230799761 0.07274549806760461 0.09710159815200282
9 0.6240730322797102 0.4748874326489006 0.056530298279232644 0.10047921602891927
9 0.5210025950228725 0.5013505683619013 0.06635330249243496 0.09164135835781807
9 0.4326614611359515 0.7163380258525428 0.06594515997909518 0.08814444530105642
9 0.3333868648742814 0.7284118383744934 0.058210603333139835 0.10615516665381762
9 0.2580848189226332 0.6095594834060025 0.06726158888695317 0.09490011964010882
9 0.13769929478866244 0.7096825682362649 0.07815491421971889 0.11043210352438626
7 0.3067342172670318 0.8254828817561682 0.0865575957003401 0.13804659853747825
10 0.5459610630431838 0.6749795127021249 0.07105726470910842 0.14058476430327477
3 0.7413126712218288 0.21516450200875456 0.043190595461613634 0.08175148093896069
3 0.6710933292040081 0.3006601118734956 0.056159650039680424 0.09083151074904992
3 0.5850832820393705 0.2302561463321312 0.04226859970707609 0.08620107419114428
3 0.49655864093580826 0.24492163201672107 0.04466757253740591 0.08731961269727052
3 0.42804041577144175 0.3201186030375453 0.03732315454645176 0.07536078260050191
3 0.3606182787165541 0.25649925845975496 0.04999242010723346 0.09270894788088528
3 0.2695778874629812 0.3242897677725525 0.05022415784345984 0.09116549339409563
3 0.18535682919432986 0.4296016812433434 0.05314144358631906 0.09265405163084597
5 0.7276764828471698 0.13231421889856862 0.06251748962829624 0.09038517719014208
5 0.2209826658666099 0.19414077329198753 0.05776562723806212 0.09832817481732758
2 0.28615547684029186 0.17412586367880484 0.05675575944099269 0.09506641653603341
0 0.6678656833710779 0.19946994920292277 0.0479171863809689 0.09882589594451445
1 0.5025357567311228 0.13595886207694088 0.053680237952370806 0.13013642170425765
4 0.42066411938911796 0.15306017697598917 0.05783615611430482 0.12998313616986037
2 0.43629328532992667 0.3952807796309145 0.06649303886082224 0.09521246541430033
0 0.28234179715979846 0.2462213062187158 0.052091769093290566 0.10052234357555462