11 0.7921175297636502 0.7416022023113881 0.08510942408793969 0.11815735791888494
11 0.07763248815644576 0.8437081175604898 0.08823859286338513 0.12313663160628506
8 0.6625588767466664 0.7725848175561614 0.0805749838357113 0.12401312383673145
8 0.17303840113645988 0.8430180045881486 0.08991846826984544 0.13217901744362207
6 0.5640431646237758 0.7844534753062374 0.062302469497824586 0.12496474397264397
6 0.27832088049576753 0.8277546292689261 0.0796247597078047 0.1226987179154223
7 0.47257605252506824 0.8065446253733283 0.08212168143354974 0.1381271973336795
10 0.37848542100640703 0.7808287200796432 0.06669251794362739 0.12503189369345993
9 0.7707178855590092 0.6253139557633209 0.06674154442989112 0.10897335930398643
9 0.6634930676380445 0.6212510652296238 0.056633191203441145 0.1041718218413194
9 0.5602181719185219 0.6589619495303641 0.07162083828398598 0.11289064796779631
9 0.47867859891639536 0.48728670735402335 0.0668606352330083 0.10617190841016316
9 0.37965779350401957 0.6896234428429208 0.05832381721936583 0.08468067350560543
9 0.28336699415189437 0.7133687365277237 0.06536713461648465 0.10247158204562182
9 0.22875825392377694 0.5975545271176904 0.0662445140975042 0.10332192355971083
9 0.09969422161981743 0.7108039717785568 0.06338976389640073 0.1011126312600093
5 0.7019692208776718 0.1359471791542224 0.049003780235184244 0.0980379275418777
5 0.22743342666264102 0.22713472709171967 0.04915373270167719 0.08694248885426133
2 0.6271231997544042 0.1601177544041899 0.04494857620312638 0.09297000735835174
2 0.28537411440334054 0.21806375275938186 0.04615116162044 0.08874245595810071
0 0.5618947109289417 0.1702320979959313 0.04509815795894822 0.0950226169761502
0 0.3566914333252963 0.20424996926806044 0.04670361319816892 0.09369580054538373
1 0.4853574150460746 0.16795122365060816 0.0566565459757257 0.11772321170410774
4 0.41493971824540904 0.18772714885512704 0.04948069951365935 0.1309022862831667
3 0.7100127156656392 0.2138049534692464 0.04033359905758416 0.0720317049733801
3 0.6392236594501174 0.2979349106176687 0.042799937152956526 0.08537832143011725
3 0.5616404034085107 0.24408615331342245 0.04097548458473532 0.07652209323464497
3 0.48041426627886846 0.2501724001211964 0.040868627233766976 0.07761355321819674
3 0.4108892407744089 0.3474280223347617 0.04341846790782348 0.08428575336536383
3 0.3493951985727638 0.2822360593862269 0.04155573946280261 0.07880185949876635
3 0.2818835027234926 0.2973376548500195 0.05115557032605871 0.08694071592433879
3 0.20945562730834372 0.2993253309094057 0.04099225924260619 0.0815108964203783