11 0.1549828431372549 0.8269689987538464 0.077125 0.11420096131837955
11 0.8535539215686274 0.843668472317591 0.07720588235294112 0.10853681239032568
8 0.7651789215686274 0.8561361104753187 0.08428186274509808 0.12964390529233755
8 0.2746985294117647 0.8415069810025178 0.0714558823529412 0.11397960377406484
6 0.3738431372549019 0.8344170290684367 0.06386519607843133 0.11282073192441688
6 0.6575906862745098 0.8496158286920474 0.06763235294117642 0.10089997711146716
7 0.46196323529411765 0.852109356323593 0.05873284313725491 0.13518109915821047
10 0.5540686274509804 0.8183458202995855 0.05674019607843128 0.1262486711935099
9 0.1832205882352941 0.7072764171816586 0.06251960784313726 0.07990030772360812
9 0.2848897058823529 0.7031585158058036 0.05262500000000003 0.09119279774166462
9 0.38118382352941177 0.7162413977264058 0.06138970588235293 0.08480923679458814
9 0.4710122549019608 0.5512453905038021 0.05231862745098037 0.08033976755423318
9 0.5585514705882353 0.7285918465959664 0.055825980392156804 0.06393652246890975
9 0.6550196078431373 0.7446890974288548 0.05268627450980401 0.08635873960479147
9 0.7422990196078431 0.7397378500038148 0.05322794117647067 0.09273579003585858
9 0.8310906862745098 0.71992960504565 0.05924019607843145 0.08892713817044337
3 0.25904411764705887 0.3145816230512957 0.040149509803921624 0.07251087205310136
5 0.2764730392156863 0.23852577503115382 0.0504950980392157 0.07665807075099816
5 0.7258774509803921 0.2799424226240432 0.042441176470588315 0.08136191856768644
2 0.6690612745098039 0.2752125327433178 0.03910049019607853 0.09468894483863587
2 0.3379877450980392 0.2520546272983901 0.043625000000000025 0.08092245873706162
0 0.4046323529411765 0.24498420691233694 0.047009803921568616 0.09282693725998828
0 0.603063725490196 0.27449637598229953 0.03700980392156872 0.08674611530734215
1 0.47535049019607845 0.24379603774064748 0.05119362745098033 0.11648940769563337
4 0.5450588235294118 0.25884509549604534 0.04109803921568633 0.12054545916940056
3 0.33006127450980394 0.32477383586378783 0.04002450980392158 0.06685323364105693
3 0.40488970588235296 0.32935072861829556 0.037723039215686316 0.07275501640344857
3 0.4741911764705882 0.3353827217008723 0.04396813725490201 0.07505648381272091
3 0.5449926470588236 0.40514290074006254 0.03851715686274515 0.08110800844332547
3 0.6042377450980392 0.3478080415045396 0.04181127450980382 0.08357549401083392
3 0.6705906862745098 0.3425182472470181 0.04215931372549009 0.0730447343658605
3 0.7403946078431373 0.3461576256961929 0.04696568627450981 0.08032674652221458