11 0.8511205590201073 0.864349456491942 0.07838912543415505 0.10836970128939477
9 0.8217418680776841 0.7435489555468985 0.058048286513009924 0.07503980069928393
9 0.442784107807297 0.754461216099881 0.06312455748223733 0.0864071625137669
9 0.3527327768329 0.7563572169078572 0.07187486777141354 0.10983795812953577
9 0.28843853450541623 0.6565534019150953 0.05810734072292916 0.0839687928936598
9 0.17477508389863092 0.7257613958745136 0.0832970752231323 0.09716938887205613
7 0.24265951079224202 0.8406442753466361 0.08344243087730277 0.14181065623993042
6 0.44712158947992625 0.6404672393676626 0.05235139027362366 0.10250667128367175
10 0.8135196536751401 0.6392663994575021 0.07131096123394508 0.1139514756621314
3 0.7316508895970042 0.33375811933996063 0.04085494801000046 0.06930178687712515
3 0.4551894399589902 0.413435756972399 0.04472778092737027 0.06469650290727023
3 0.3898892186186538 0.3446788259341019 0.048653884968189 0.07242925988447864
3 0.2992283280876326 0.40088831330226476 0.06202415846143494 0.08881216657769314
3 0.23127422612337284 0.4802562053028226 0.058069583841069417 0.07754197117257496
4 0.5185662845885002 0.46686361578823327 0.05561955701522881 0.11713903129463706
5 0.5869161943363809 0.33186741269772574 0.05615521539955332 0.08651080504215422
5 0.5905509197896508 0.2573122620919842 0.05353236325880729 0.0760188766249694
1 0.5219318740944922 0.25815073482520307 0.042602329829682956 0.12287551842714026