11 0.81091398202008 0.8675541398596235 0.07439911313139091 0.10740009562954052
9 0.7865464029459561 0.7483976083146571 0.05523705330200173 0.0744049909151936
9 0.4117457118276256 0.7554563030755785 0.05993518782467512 0.08564009926535672
9 0.3227090891191665 0.7564477174364845 0.0679280631993758 0.10878165730728029
9 0.2630384141373933 0.657613556292187 0.05504951654532146 0.08319195878650847
9 0.1480803728957202 0.7246127289546366 0.07955242012689519 0.09642630550892412
7 0.21071664519405958 0.8383199961369453 0.07846684729338148 0.14035605472282126
6 0.42042466967140496 0.6433249440661869 0.04885707804186949 0.101377899350382
10 0.7824430570714788 0.645700634847594 0.06725814296904085 0.1128240062339099
3 0.7133389855512896 0.34427651669871673 0.03842242624765846 0.0685916843960047
3 0.43714593925178313 0.4199975276449852 0.04237233129735921 0.06409754894859582
3 0.37528474217890595 0.35170465886291735 0.04603513289474987 0.0717449308295437
3 0.2835524224096974 0.4061362450161386 0.05878270149651948 0.08799601120664594
3 0.21335996564382867 0.48357685159147434 0.05518918750793631 0.07686740803231347
4 0.49769784888706253 0.4731874583277707 0.0516804293950717 0.11580830840810893
5 0.5704255125960738 0.3410107781120078 0.05305246649631266 0.08567442137026711
5 0.5768900428453417 0.26768157673229126 0.05075215075624968 0.07532458578679924
1 0.5090675729390934 0.2678404376613749 0.038672383944482164 0.12132679871117891