11 0.8794183836905205 0.7334553664741766 0.09310057655020072 0.11129921763673833
11 0.4339130115438447 0.770991605619987 0.07213223587623209 0.11121692699678751
8 0.7507889329755041 0.7611595102631326 0.06802483574525621 0.1359243583589215
8 0.35490952313691254 0.5466594192730451 0.07276448074099738 0.12131363705654163
6 0.6419662236603876 0.7575543318761663 0.060731502240712935 0.11661875607744668
6 0.24283984745175086 0.6473566211148132 0.07228520187817535 0.11740993392093436
9 0.8425992697886839 0.607863561452395 0.07337327666277167 0.0889539760585289
9 0.7319588290937418 0.6100338528573822 0.05821079565639825 0.10689251144950715
9 0.6301418202207754 0.6280457347804639 0.0648908406846693 0.09589632470111033
9 0.5269617593555651 0.4454435561312265 0.05779841202580162 0.08903146742109852
10 0.5434820327781844 0.6140634279497689 0.05838523826033337 0.13938434648570888
9 0.43507526826491344 0.6485623304824368 0.060812806519682905 0.0854221199648919
9 0.3325835544084475 0.6681233367324427 0.05705270276632801 0.10320736934495661
9 0.2611255852177151 0.5434746139549064 0.055227136809755537 0.10630428486619915
9 0.1262163103355292 0.6525912753666825 0.06207159837521555 0.09541593642623884
7 0.3086247612688384 0.7688329003492845 0.0742213285052068 0.14946418635830397
5 0.7361557515911844 0.08491546443291209 0.06152339715191903 0.08857299099851444
5 0.23357532348018883 0.14264643259206236 0.04240505754801377 0.09170927028979534
3 0.7567071612928079 0.1713140676735226 0.04773865112078456 0.07254706459917495
3 0.685698173615659 0.2538346608796592 0.04716475467724736 0.08462379168288107
3 0.5969730712105842 0.18059509448861394 0.04191405421369612 0.07503871367852757
3 0.5091264275716836 0.19503859248465427 0.04066780863840855 0.08713151106982953
3 0.4384754197859017 0.2850893003799617 0.03462570634890055 0.09443797458526607
3 0.37030205580595044 0.21103824405226862 0.03757988965505443 0.08517229091453082
3 0.28118884052201976 0.2753743025434617 0.046728319443909254 0.0893122736254673
3 0.21827472381661672 0.21484920963604912 0.0456955797817927 0.0844319417814931
0 0.606935858683137 0.10535076328469484 0.04448204219474299 0.09568234479846312
0 0.29085961195218096 0.19565554201592755 0.04208011436838441 0.10070229198444554
1 0.5177787040247228 0.09500955670500369 0.0452926743454421 0.12364397709057068
4 0.4401310904802872 0.1172772342043196 0.05362943102584835 0.1427290065226921
2 0.6130778381293579 0.2485143710369367 0.05943490718269402 0.11128331700056528
2 0.3031307506281272 0.12581485780076673 0.03839002872050376 0.08955989694733463