11 0.5977517614187213 0.8049609380215171 0.09463177642091869 0.12170966925892235
9 0.7929277787552376 0.6692336475782367 0.09324466976702417 0.1282356273115083
9 0.3742062573354737 0.6952049532768713 0.10749280466516206 0.12117897223544835
9 0.19981283629141627 0.5959862051585413 0.07966320240440622 0.1041007569002582
9 0.2683671373678529 0.6936321181953282 0.0738019330534179 0.10505653849668366
9 0.0595634991901565 0.6772596028413818 0.08321134838042146 0.09614433988851867
6 0.6598682453728139 0.2727512359626215 0.06957659135882102 0.11853656793009087
4 0.48696951121942816 0.35541286239882264 0.06857648811010693 0.15049931793369792
3 0.41351893774015647 0.3002832617216619 0.04686107255575319 0.09347383956869469
3 0.3444715729355145 0.21610294843863467 0.061353376037464824 0.08982675034988231
3 0.24243629662935662 0.2907516949698692 0.05109449574298182 0.10432557426404461
3 0.14566385143769855 0.39221534173051115 0.05301440630903231 0.0968900046650988
1 0.5002912957568834 0.17481126279896309 0.0675145317859059 0.16149823043664363
7 0.1329169650091121 0.8155206810082384 0.12603299064317577 0.14850019170189566