11 0.20548529411764704 0.7401284809643701 0.07763725490196077 0.0935203072149743
11 0.49007598039215683 0.7434748861931284 0.07819117647058826 0.09369609114722402
6 0.40953186274509806 0.7523064011596858 0.06416176470588231 0.0983445995778337
9 0.22562009803921568 0.6183818315912617 0.056629901960784323 0.07789181353475239
9 0.48797549019607844 0.29918750794740717 0.03967647058823531 0.07102321914498616
9 0.5871715686274509 0.6505112280969455 0.056698529411764786 0.07379018844892044
9 0.6753235294117648 0.6642777141985199 0.054078431372549085 0.09480938938480699
9 0.741267156862745 0.5515351084662139 0.04870833333333335 0.08091594822105232
9 0.8577549019607843 0.6415006739401338 0.058647058823529497 0.09483543144884417
10 0.41631127450980393 0.5373226520180057 0.0532132352941177 0.11434093741257849
7 0.7771004901960784 0.6377278299127692 0.06982352941176462 0.11332855217313897
3 0.28726715686274507 0.20126934716817985 0.03776960784313721 0.0737576358688741
3 0.43059803921568623 0.21266275018437983 0.047468137254901954 0.0802681518781313
3 0.5807549019607843 0.30226372676178126 0.038960784313725405 0.07717240151572947
3 0.8038333333333333 0.3885117875944152 0.051294117647058934 0.07388459093105466
3 0.725375 0.2960982681010147 0.04388725490196088 0.08112102947534398
3 0.6421176470588236 0.22532895908038963 0.03423774509803912 0.06327896035197474
2 0.6452720588235294 0.2930676228987055 0.050345588235294114 0.0815735103379874
4 0.5778259803921569 0.2058592609547061 0.03973774509803918 0.10572752473233132
5 0.3000759803921568 0.12215030136568247 0.04867892156862741 0.0847962157625696
5 0.5679828431372549 0.13221881437399863 0.04283088235294108 0.05284585844714022
1 0.6449950980392156 0.12692576485847257 0.04489215686274517 0.11713069352254518