11 0.13131707991838712 0.7567125853591327 0.08571277333978859 0.12466954053177404
11 0.8876886721766896 0.7681406988326 0.08526155087549427 0.11612768319741887
8 0.2621497942386831 0.7636310613954264 0.07125840163225784 0.1259751088607015
8 0.6470120321379581 0.5482654886460514 0.06682273633733334 0.1047641610765225
9 0.16686559002201704 0.6313417987777749 0.06903664972161704 0.09370934006159921
9 0.28182479049232867 0.6198072822570692 0.05729416836693521 0.09691634848054291
9 0.4806228954133093 0.46370901512998697 0.0480325344952797 0.08376756252493674
9 0.3844510380283801 0.6381395426271811 0.05885248585030719 0.0967078043865767
9 0.7463473343246764 0.5476676328502416 0.06116422404352667 0.0859434607513039
9 0.8735603462784292 0.6318431716999491 0.056195926271743114 0.09307253839905165
9 0.6769679842307293 0.6665198366156593 0.05971216009037366 0.10794919814800467
9 0.5770238590909614 0.6485084020081463 0.05815037521181293 0.07259230325419591
6 0.37421591451395375 0.759976616405602 0.058836052610344615 0.12491100490554888
6 0.7610610967020554 0.6386243084439164 0.07144809397009845 0.10705594162712646
7 0.46725806042581647 0.7766314856435914 0.056407511152609155 0.15041834313582003
10 0.5674788947677837 0.7441775274771012 0.07198133508547443 0.14147012609757711
3 0.3279735703334832 0.29613259276481785 0.05012484928127627 0.08345577514273153
3 0.25486664130672837 0.21742108553566353 0.04388464455741141 0.07028046190808342
3 0.4182220470081036 0.22205748074665385 0.0445820151929085 0.06607974602518506
3 0.49503602725040635 0.2326395136359331 0.034306002236285334 0.07824863927711322
3 0.560847169485078 0.3140587873621121 0.04587679219836101 0.08664926273246824
3 0.6291460017751958 0.24007942338990929 0.041301730239420895 0.07480898441648652
3 0.6989180897050178 0.2453356457441709 0.039135843967216484 0.07945890045668394
3 0.7724072437205334 0.24292548445523726 0.04927282913165266 0.08918904762314822
5 0.27647458127283836 0.1419702291456767 0.058290601837442856 0.09297238138704464
0 0.3991025901718712 0.15163321306271008 0.04719938213968709 0.0762424862435093
0 0.6222904819540984 0.16650325936259439 0.04342351788452015 0.07937057417023317
2 0.6948064229807149 0.16810841693433337 0.04717228850387887 0.08697839204778678
5 0.7549310555497918 0.17312706950149406 0.04997134326981813 0.07750440580858317
2 0.3982584269921961 0.283982731549654 0.053783117197496275 0.10637923882186454
1 0.4914929764498392 0.13790868962429065 0.04797797835183454 0.12037917567261129
4 0.5613504950951573 0.1524644501278772 0.04116262867286841 0.12035323625570862