9 0.7173055059759479 0.7031990107550096 0.057342436006637056 0.07760613316744902
9 0.3832292004628382 0.7861547626825127 0.054166145189065894 0.08584961923346748
9 0.30305171260092484 0.776133362495609 0.056459722097381426 0.11302455785539886
9 0.24942595232082498 0.6928385101106935 0.06518303935122764 0.08681214097498573
9 0.13734794897366642 0.7463711770670893 0.05107614429021263 0.08607952401106259
7 0.32137941740037357 0.6683802533520047 0.050028977318934596 0.12828722947965218
1 0.4914389500251823 0.5043056850341663 0.06401780585624339 0.12210246373888782
3 0.43322977972386656 0.46216160634904396 0.05104710704772334 0.06617549062215074
3 0.3711270621906625 0.39631624783768354 0.04979220508693898 0.07827269947043951
3 0.2904317435043581 0.4346869552785139 0.045994535542515015 0.07419295011451871
3 0.20737162448476454 0.5152526428312404 0.04976435490153273 0.07305990859330831
6 0.47054537568501903 0.8915641035109296 0.06845831246709541 0.09514434095623865