11 0.16839014611072758 0.7784014809865503 0.06611974785307342 0.10413175374125176
9 0.2016525772079883 0.6644824300362348 0.05659983611740186 0.07083645929999602
9 0.5502537066071356 0.7028110259258308 0.06415705200584146 0.07880184913924818
9 0.636674575758423 0.7036840054404364 0.054407568135660084 0.09201885840302847
9 0.6997559293455234 0.6186324874768121 0.05113235247519359 0.080949016181396
9 0.8089675726090957 0.6806606936080583 0.05706975333733368 0.0789787451779895
7 0.7356715345390101 0.790215797253322 0.08829413298864941 0.1391362878824655
6 0.5452031563530315 0.5906990191795373 0.06222770275453248 0.09777404675767698
10 0.207547932362225 0.5712407960397887 0.061879481339535906 0.11138929140123592
3 0.28240283661707893 0.30669306249173134 0.0446813002499819 0.06364358859411927
3 0.5384283283186406 0.38455558391892264 0.036314112614443436 0.06649414886579849
3 0.610597390925951 0.3206120761318459 0.04639069410660697 0.07164681859152087
3 0.6857931388679197 0.37933505531332473 0.051277980014352444 0.0788297236665649
3 0.7589129740390178 0.45710250121115387 0.04811209053545735 0.07137440843819683
4 0.4801205481966104 0.4274645932854963 0.04675141361286565 0.1085246720366705
1 0.4847695812104228 0.23863820812048908 0.04956282345485451 0.11896853132010536
5 0.4189189919571353 0.2988995493270363 0.04301154791630375 0.08360472278615831
5 0.4114602375365707 0.22803548352402467 0.04825601128682252 0.06672009335164585