11 0.8553931141940916 0.8281866986009514 0.08563742729690393 0.10007184752340972
11 0.540265077244664 0.824986067610267 0.07026381480105784 0.11122197617433054
6 0.6299236217274105 0.8341277867713188 0.06857272539679415 0.11572524280156014
9 0.8275250507012006 0.6937716225406032 0.06767377055471202 0.07878555839308969
9 0.717021500784502 0.6808235705800593 0.06360638867710582 0.08470084058347413
9 0.619666094526877 0.4922426289996008 0.0552023221548135 0.08726814160739117
9 0.42994211903143154 0.7123192027971356 0.059308239406689056 0.09364805455760936
9 0.33775302936506385 0.720713533499738 0.058426226042279795 0.10102477273273797
9 0.27103837999436703 0.5952596578606915 0.060510250222462494 0.0848847328148821
9 0.136508793445372 0.6969918296325152 0.060713992807344117 0.09943977338200406
7 0.2348719766626048 0.6985494470655567 0.07193531214634964 0.14179098164259596
3 0.746297041482669 0.24860556483765936 0.04238589040431357 0.07829866751311759
3 0.6806537644872211 0.32780938694830397 0.05265142495534439 0.07935082755005361
3 0.591106433205829 0.25383506788440174 0.05742191522744793 0.08826282916600543
3 0.51920591225597 0.3263288427188387 0.04519331938824053 0.0788312605866482
3 0.4366314633441723 0.3322621004487152 0.05999798368148994 0.061211119671807916
3 0.37092803854232503 0.25033535346539887 0.042233380034189395 0.07472653383158513
3 0.28669777334662666 0.3220611787790908 0.047298158972610194 0.09199878649718411
3 0.20125085426364336 0.42750089175527944 0.0543033302416644 0.0871131087352772
0 0.44287172874984343 0.4026147915374146 0.054452281789345115 0.09812312667426543
5 0.7366327254981605 0.15897954955344906 0.0576453796200359 0.10321414419483761
5 0.23257851948873787 0.18115319010999054 0.05450199409035046 0.0940271906967349
2 0.36760908443876794 0.33251109860672257 0.05061112609882776 0.10333275813145956
1 0.5154195476026532 0.15567850178187534 0.05995531488323716 0.1307307060651094
4 0.43355893915928323 0.16106796250607183 0.04593933754292691 0.13410739884671063