9 0.7967414669571533 0.5468624870133478 0.06010139796659386 0.06528955237376696
9 0.4669046840958606 0.732056164503559 0.0507057915758895 0.07777324980431724
9 0.32611138344226576 0.6305744607301536 0.05416721132897595 0.07877459127956316
9 0.21619108569353668 0.6934030862784659 0.06294153957879456 0.07560775572754908
9 0.4225492919389979 0.5324143739986267 0.04382861292665219 0.08005718704640899
6 0.6380392156862745 0.7301947356374456 0.07165314088598396 0.09699641639045033
7 0.48093246187363836 0.4500403354347456 0.050114288307915755 0.12449808989070958
3 0.4087422839506173 0.456056510374722 0.045102668845315996 0.06773885672249395
3 0.34168200798838055 0.3835966373636931 0.05140205156136535 0.07190790181855526
3 0.2666073892519971 0.4608525181624747 0.0539209331880901 0.07984605342353113
3 0.49178022875817 0.39111862231754396 0.04084404502541761 0.0515657222085645
1 0.7067312091503268 0.5309043200928352 0.0674675925925925 0.118349172763211