3 0.250546568627451 0.09570133007807534 0.05256127450980397 0.09374817527529816
3 0.25111029411764707 0.20058899824521248 0.05124019607843133 0.08867322804608226
3 0.24778186274509806 0.30588682892093283 0.04948284313725493 0.09418763510592307
3 0.24351715686274508 0.4129392436611479 0.06056617647058821 0.09018692301823449
3 0.23642892156862744 0.5107011520561532 0.06844607843137251 0.09039851478853544
3 0.22993137254901963 0.6425325907276009 0.06035049019607841 0.09689600976577398
3 0.22522303921568626 0.7629576053508303 0.06809068627450976 0.08709117265583283
3 0.2158504901960784 0.8964394598306249 0.06650735294117649 0.09037898324050764
9 0.6797377450980392 0.10515134406551206 0.06428676470588246 0.08985814195976702
9 0.6946274509803921 0.20710276951247425 0.05592156862745101 0.10170077058060578
9 0.7167328431372549 0.310574400447598 0.051112745098039314 0.1035627781592533
9 0.7152745098039216 0.41748358383560946 0.07025490196078432 0.10253411662979066
9 0.7087279411764706 0.5212612090231683 0.06451470588235297 0.10175285470867979
9 0.713139705882353 0.6447982502988225 0.06108333333333338 0.09491681289895981
9 0.7055073529411764 0.7779415579461357 0.06787499999999991 0.09427552707204814
9 0.7240220588235294 0.9155478243177945 0.06569362745098029 0.09929839017318977
5 0.09976960784313725 0.8879302154065257 0.06718627450980394 0.12218610920373342
5 0.16179166666666667 0.08674611530734214 0.06867892156862743 0.10187980977086038
2 0.12637254901960784 0.7576905978993413 0.06646813725490197 0.10585447979451187
2 0.1463627450980392 0.18459917092647696 0.05743137254901959 0.09901192746878261
0 0.15371323529411765 0.2844053813483889 0.06232843137254901 0.09354309402100658
0 0.12268872549019608 0.6288149334960963 0.06890441176470591 0.10852379135830724
1 0.1341029411764706 0.49640405889982453 0.06477450980392158 0.13993052058696376
4 0.13713725490196077 0.3726749574018972 0.07084313725490199 0.11383311716385638
11 0.8482107843137254 0.9163030441748684 0.07877696078431384 0.11383311716385638
11 0.7896176470588235 0.10541176470588236 0.057176470588235384 0.09363424124513615
8 0.8392745098039215 0.7606821800055951 0.06580392156862747 0.12160016276290023
8 0.8034289215686274 0.2003546196688792 0.07499509803921578 0.10122550291193001
6 0.8112549019607843 0.3118406958113985 0.09309803921568638 0.09632959487296859
6 0.825203431372549 0.6353710231174181 0.07442401960784317 0.09559065130591787
7 0.8429877450980392 0.5225209938709595 0.05852696078431374 0.12705597517865766
10 0.8019950980392156 0.42277012283512627 0.05742156862745107 0.12287296864270993