11 0.14620343137254901 0.8301917041784288 0.06446813725490197 0.11413911141629143
11 0.7927058823529411 0.8479263497876453 0.07560784313725488 0.10729004857455302
8 0.2625857843137255 0.8472232140586455 0.07664215686274511 0.11564304061443005
8 0.7183039215686274 0.8443097581445028 0.06161029411764707 0.10981938404414959
6 0.35708333333333336 0.843932148215966 0.06220833333333331 0.10580890618244718
6 0.6186495098039216 0.8530012970168612 0.06573039215686283 0.09790513974720895
7 0.4381593137254902 0.8498599730423947 0.06259068627450981 0.11115403982604727
10 0.5218529411764705 0.8207091376109457 0.05596078431372553 0.11144701304646357
9 0.17479166666666665 0.7190702169324279 0.057919117647058815 0.08069459067673761
9 0.26817401960784315 0.7075498588540475 0.04860294117647057 0.07719193306375714
9 0.36105637254901957 0.7254798199435416 0.05299264705882356 0.08375453320108833
9 0.4459901960784314 0.5659331146206862 0.05374509803921568 0.09018041250222526
9 0.5324607843137255 0.7349656417690292 0.05511764705882349 0.07017359680577807
9 0.6129313725490196 0.7382925154497597 0.06409803921568624 0.09310037893237706
9 0.672186274509804 0.6430534320083415 0.04780392156862745 0.08491666030874097
9 0.7802622549019608 0.7259290455481804 0.06787499999999991 0.09116024516161837
5 0.2529264705882353 0.2429757127234811 0.05242401960784315 0.08880669362427204
5 0.6866985294117647 0.28539172452379136 0.0400637254901961 0.07272897433941154
3 0.7025367647058823 0.35777889677271685 0.03742647058823523 0.07101670862897694
3 0.23662745098039217 0.3139142951603469 0.044333333333333336 0.054899926248060886
3 0.3037279411764706 0.3338332188906691 0.048632352941176515 0.08171999694819555
3 0.3749852941176471 0.3364309147783627 0.05144117647058821 0.08691213346557812
3 0.457735294117647 0.3408027262785789 0.045372549019607855 0.07287546094961984
3 0.5229264705882353 0.42752279952188393 0.05075245098039205 0.090059967956054
3 0.5704264705882354 0.35131395437552454 0.040365196078431476 0.07110785585310649
3 0.6352303921568627 0.3515418224358485 0.04251960784313735 0.07481884997838308
2 0.313125 0.2631290150301366 0.04781862745098042 0.08028768342615904
2 0.6324901960784314 0.2804176902927189 0.04684068627450988 0.08230919864703337
0 0.38478186274509807 0.26558022430762185 0.04407352941176468 0.08193484397650112
0 0.5684779411764705 0.2779046311131457 0.036468137254902055 0.08054159355052008
1 0.4523235294117647 0.25262755270720477 0.04680392156862745 0.10811688410772867
4 0.5123480392156863 0.2654109508913812 0.046754901960784245 0.10763836118104829