11 0.11053405940493698 0.8072030910848519 0.08041900732081173 0.11523350098832784
11 0.5478975824885547 0.7910047907198201 0.07306225405120882 0.11748290582752617
8 0.23903516755470697 0.8143203705146518 0.07185142032146109 0.12426000432844213
8 0.6266537670937803 0.5535126277972557 0.0737131293121362 0.11238240805667386
6 0.7309333814098735 0.6473012855473316 0.08707669294223361 0.11426814064551498
6 0.34568668142268905 0.7910956533783492 0.06441042305183213 0.10321525227603925
10 0.4420898987858501 0.6492071852140415 0.07169043921250053 0.1460188777792206
7 0.6651907168834817 0.7697129365594656 0.08577512777571418 0.17233307304967616
9 0.1461689007052915 0.6778054313292645 0.07630662116772419 0.09564764864591918
9 0.2609244278783113 0.6627963237097635 0.0723785708958817 0.09882510842747685
9 0.3598353175766817 0.4663620412933386 0.053314496597353975 0.09091717612431276
9 0.455274779872438 0.4778699816762613 0.056003909839110126 0.09222899652281814
9 0.549324633217269 0.6714793957494697 0.06624423606450075 0.09356585955647913
9 0.6473916000726939 0.6665937179875628 0.06258198534389588 0.0984686756409701
9 0.7163405411941373 0.5406231317722084 0.06374972395811856 0.08997937006737937
9 0.8449316393593367 0.6317835686563071 0.07222370651299538 0.09913404146647618
3 0.24241901456125453 0.23351783577890317 0.05156891272442652 0.0850622227993479
3 0.30871357459936816 0.3123764290351902 0.05097206854382392 0.08822431718824406
3 0.3982153640748053 0.23356319323608768 0.04577526099986166 0.07338866121282948
3 0.478453649943416 0.2325895592203033 0.03730591232837422 0.08703970451167953
3 0.5434178220603259 0.312719490975198 0.04626293088780139 0.08320825520495177
3 0.6156352264919114 0.23570540968705364 0.0524574135255818 0.08386556897372634
3 0.6968887035335533 0.28326137384755234 0.05327714749723229 0.08590857522111124
3 0.760779668257392 0.21749719776652382 0.04886550515483335 0.08756981055851329
5 0.2573287197231834 0.15331381032766309 0.05288966216817955 0.09215445959399213
5 0.7498297091296916 0.14670898151755182 0.0590522636882382 0.08445706271912741
0 0.3128791577337704 0.21633304765614855 0.04416609865392923 0.09833888239622564
2 0.38094163696275013 0.301684036416627 0.05802900955810843 0.10560176369591251
1 0.475383980230695 0.1342200199108341 0.05461847138323592 0.12289130242825609
4 0.5517134001046967 0.1423833279949213 0.053860646093672526 0.1283101888643611
2 0.6863259517019024 0.14532284580646093 0.04485274749462576 0.09745832720137358
0 0.6892559561692555 0.21457341470804658 0.04358019043812648 0.09284065734608785