11 0.18498529411764705 0.802495969075049 0.07339950980392157 0.10106599526970313
9 0.20986029411764706 0.6859154141552859 0.05452450980392154 0.06972762645914396
9 0.5822622549019608 0.7222473487449453 0.05913480392156867 0.08054159355052008
9 0.6707328431372549 0.7301966887922484 0.06695588235294125 0.10294753439637838
9 0.7305759803921569 0.6365852343531446 0.05428921568627443 0.0784875257495995
9 0.844438725490196 0.712198367284657 0.07858578431372543 0.08974095267160037
7 0.7815661764705882 0.8203673355204598 0.07726225490196081 0.13354695963988714
6 0.5742598039215686 0.6100679026474403 0.04802941176470599 0.09707179369802399
10 0.21450735294117648 0.5841169858345414 0.06626715686274509 0.10702311741817344
3 0.2848480392156863 0.28979283334604916 0.037833333333333385 0.06525815721878891
3 0.5588823529411764 0.3866888431118232 0.04178676470588227 0.0604761832099896
3 0.620732843137255 0.3236182192721447 0.045387254901960716 0.06780051372040385
3 0.7115857843137254 0.3849179827573052 0.057975490196078505 0.08297652653798228
3 0.780906862745098 0.46741273111060244 0.05446323529411767 0.07218209099463396
4 0.49841666666666673 0.4348438747742936 0.05075735294117645 0.11121263447013041
5 0.42687990196078435 0.29772264184532443 0.05228921568627454 0.08111451895933469
5 0.42086274509803917 0.22430029755092695 0.05005882352941182 0.07099392182294452
1 0.48825735294117645 0.22976262048269375 0.03778921568627447 0.1177231504793876