11 0.17844565427940765 0.8091974526269903 0.07366389672098597 0.09590016703929272
9 0.20432501690084098 0.6903078422806431 0.06713242359135166 0.07959376348568634
9 0.5715640487747876 0.7186998757912951 0.06084858151223631 0.08813762286430017
9 0.6627848089577684 0.7273344492129166 0.05930571875710179 0.09249852443865766
9 0.727124615725417 0.6153256074567102 0.05498448076243422 0.08162933495518501
9 0.84811179173289 0.7063672005261501 0.06691200938274469 0.08764224085828705
10 0.6353323202148397 0.34382303314801965 0.052576460121542656 0.1142961124103056
6 0.7660806156135813 0.34437867189009475 0.055506097135208946 0.0975841637232536
3 0.2724504055843389 0.27145089206596673 0.044984759778650976 0.073695377056701
3 0.5469990595748373 0.372363235365502 0.04078670414602917 0.07555205448812212
3 0.6203012824566044 0.28343879061648447 0.03486800453939029 0.055221436614061196
3 0.7099814005438377 0.3564902514726584 0.04334523410621978 0.07989173341099956
3 0.7867744816298791 0.44849656146522493 0.050994084311359815 0.08271768417866629
4 0.4852334925561026 0.41607344246567124 0.05211276441840672 0.12448283892558035
5 0.2836902088391936 0.1941298528245821 0.056416255490533106 0.08101655830527937
5 0.5554297837624319 0.2208943696812738 0.05550090336160067 0.09909930509750622
1 0.6777085393156933 0.18997140706095558 0.05181640732926565 0.1472582526452647