7 0.6316521920910515 0.6577054652781942 0.060658962894140835 0.13128100729928402
1 0.38867657962823166 0.5539442673161687 0.05610464742659153 0.12191031731754876
3 0.546601800127751 0.45171551047874126 0.04605882481982598 0.07358914197007393
3 0.6124100316796676 0.3847843845387289 0.03916367742226881 0.07213106540611489
3 0.6879712340875803 0.4520833129174197 0.040678644290885226 0.07756869369562291
3 0.7706041538431759 0.5407496746303007 0.06035108039925425 0.07327494439162008
6 0.4497291498106317 0.8772547694714992 0.06782581989689605 0.10092822983083823
9 0.23067224125583108 0.5582802426305215 0.04673157449883536 0.07936543114697457
9 0.5483001090399965 0.7779904101361917 0.0706365690468355 0.09371995991056993
9 0.6416552348876372 0.7882426807760141 0.04504449735142514 0.09955989267606458
9 0.7046636187084245 0.7121110359196345 0.048415183012987986 0.08747314189012344
9 0.81455603171838 0.7825820562679712 0.061441552626315406 0.08874686646660031