11 0.146578431372549 0.7574366877749802 0.09462500000000001 0.11836443630629948
9 0.168046568627451 0.6314875003178962 0.06893872549019608 0.09108211896950742
9 0.3766348039215686 0.43711604486152433 0.05474019607843139 0.08971816586556802
9 0.2779436274509804 0.6217282368200199 0.06079166666666669 0.08458462399226875
9 0.5602279411764706 0.6679366241957224 0.05918137254901956 0.08259566135144067
9 0.6541274509803922 0.6726665140764477 0.06315686274509802 0.0757791510897485
9 0.7232230392156863 0.5567370107576104 0.051838235294117574 0.08807100531522592
9 0.8455759803921568 0.6515724422064545 0.05879901960784317 0.0889336486864526
8 0.26016176470588237 0.7779155158820986 0.0766985294117647 0.09096167442333615
6 0.3633725490196078 0.7692304875257496 0.06252941176470594 0.1061441977569238
11 0.45487500000000003 0.7603013148190534 0.06906372549019602 0.10456214236667422
10 0.45339460784313723 0.6221839729406679 0.06855637254901958 0.11153816027059327
7 0.6701323529411765 0.7590708272933039 0.06820588235294123 0.11837745733831792
3 0.24840196078431376 0.18744101116451764 0.038468137254901946 0.07865354390783554
3 0.31766666666666665 0.2763583835609471 0.04464950980392157 0.08396286971338468
3 0.3975563725490196 0.19514620686147352 0.0451127450980392 0.07453238727397576
3 0.4846960784313725 0.20546211947814144 0.040470588235294036 0.08214318048879733
3 0.5560367647058824 0.28598743673863836 0.04835049019607851 0.057640853487958055
3 0.6202083333333333 0.20927728185956615 0.04188725490196088 0.06373144121461816
3 0.7076053921568628 0.2785361511660436 0.0402107843137256 0.09157366292820632
3 0.7936691176470588 0.39029241372294704 0.04567401960784312 0.08070110119274683
5 0.2563480392156863 0.0981818366776023 0.04946078431372547 0.10196119122097605
0 0.3152401960784314 0.17260354517942067 0.04224509803921572 0.09781073726507464
1 0.4788504901960784 0.10578286411841 0.04838725490196083 0.12367376211184863
4 0.5561274509803922 0.11952981867195646 0.03872794117647049 0.12838086518654157
5 0.7538431372549019 0.146825157040767 0.05670833333333336 0.09052546985071594
0 0.5487401960784314 0.35800350957503624 0.04110539215686271 0.09424948500801096
2 0.6261985294117647 0.29259235523002974 0.04896813725490201 0.1034065257750311