11 0.1360686274509804 0.7648489102515195 0.09076225490196077 0.10715007248035394
11 0.579296568627451 0.784748302433814 0.06990441176470585 0.10788901604740465
8 0.26432107843137254 0.7873622746115306 0.065406862745098 0.13264525317260512
8 0.6540539215686274 0.5586380814323135 0.07036519607843128 0.11791521070166068
6 0.372375 0.779523613336385 0.05847303921568625 0.11371267261768513
6 0.7670686274509804 0.6543654535744259 0.06995343137254895 0.11404796419216202
9 0.17055882352941176 0.6385514101879404 0.07150980392156864 0.0856783906818239
9 0.28051470588235294 0.6363834083568577 0.05612745098039218 0.10412919305205869
9 0.381968137254902 0.6503094021006587 0.06295588235294114 0.09292133974212251
9 0.48143872549019606 0.4647401642888025 0.05601470588235302 0.08636525012080054
10 0.4678308823529412 0.6330207268380763 0.05575980392156865 0.13646692607003877
9 0.5761053921568627 0.6630797792528166 0.0590735294117648 0.0826542559955241
9 0.6782549019607843 0.6785194679687698 0.05503676470588226 0.10050609089290712
9 0.7471740196078431 0.5518052948805982 0.05316911764705878 0.10366043589939221
9 0.8830196078431372 0.6550099946593424 0.060159313725490104 0.0925534955875995
7 0.7037328431372549 0.7777039241117978 0.07134558823529402 0.1458811322194247
5 0.26761029411764703 0.1144971897968007 0.05972794117647062 0.08576302738994429
5 0.7678774509803922 0.15224190636046897 0.040656862745098055 0.08963352915744766
3 0.24862990196078427 0.20119447623407338 0.046281862745098046 0.07034938073802802
3 0.3205490196078431 0.2804567533887744 0.04550980392156867 0.08239383535515377
3 0.40747794117647057 0.20417629256631314 0.0404460784313726 0.07305775539787901
3 0.4949926470588235 0.21510093842984665 0.03900490196078432 0.08514452836906491
3 0.5666813725490196 0.3018633300272119 0.03287254901960779 0.09265440858574302
3 0.6331789215686274 0.225579613946746 0.03596568627450991 0.08331507337046358
3 0.722781862745098 0.28605579715673557 0.04499754901960773 0.08707815162381423
3 0.784279411764706 0.22342463314768188 0.04405147058823533 0.08226036977696398
0 0.39632843137254903 0.12976109458050405 0.042656862745098056 0.09350728618295567
0 0.7118480392156863 0.20718089570458534 0.040183823529411855 0.09859850970219475
1 0.4847328431372549 0.11599460847892984 0.04299754901960784 0.12131044480048832
4 0.5622450980392157 0.13509646245009027 0.05097303921568619 0.13998260471503776
2 0.3926078431372549 0.2723283741512169 0.05727205882352937 0.10845217568220543
2 0.6984950980392157 0.13822802065054296 0.03669852941176477 0.08765107703262888