6 0.27912009803921567 0.3033509829353272 0.04598529411764707 0.10538897789984995
9 0.20218872549019606 0.7144510058238601 0.06369117647058825 0.07796668446885881
9 0.5584362745098039 0.7524919508659494 0.05069607843137258 0.07918089570458522
9 0.6470122549019608 0.7548650339513236 0.05137990196078435 0.09694483863584351
9 0.7094485294117647 0.6679333689377178 0.048799019607843164 0.0825891508354316
9 0.8285392156862745 0.73592268762239 0.0516862745098039 0.09161923654027124
5 0.41360294117647056 0.3146206861473513 0.035539215686274495 0.0791060247704788
1 0.44343382352941174 0.2341832608529793 0.05108333333333337 0.10378088044556341
4 0.48454411764705885 0.45495811398489355 0.04507107843137259 0.10911950357315435
3 0.5435392156862745 0.4079619541720709 0.03560539215686265 0.0639593092749421
3 0.6125490196078431 0.33984568042521807 0.04372549019607841 0.0774718852521553
3 0.6956004901960785 0.3961453676152692 0.03825735294117649 0.0859030034841433
3 0.7699656862745098 0.49309346150911726 0.04545343137254898 0.07471142646423025