9 0.19680603969983052 0.18140177487673934 0.07391623381863029 0.10173980632315383
9 0.21421088805892727 0.29856860238264044 0.061252089313091534 0.09754509153292899
9 0.21146321713870733 0.42117121963214604 0.06302103261057507 0.10145738755366496
9 0.21883139502714663 0.5460555502931177 0.06247014097820196 0.09648581294617105
9 0.2107108292699796 0.6648360593717798 0.0683613560650598 0.08629074031017753
9 0.2134243057716914 0.7962707908869886 0.07091110880566212 0.09123568966160579
9 0.23388678804855273 0.925747525075516 0.07673788198406939 0.10516981044699159
11 0.08965688868139848 0.1661138075842253 0.08418951712372191 0.1163491847527085
8 0.08228931943147628 0.2972708232270608 0.07638422611843092 0.10761303898126856
6 0.10431987585157519 0.40618088204197894 0.06557814434415742 0.0934480843291301
7 0.08059453781512606 0.5100185233982335 0.056231928162211384 0.146099222020336
10 0.12165166914502427 0.6353070092800697 0.07066073705202246 0.13150471160405816
6 0.11024026870007261 0.7949680638917354 0.10137470230890712 0.11741096175355917
8 0.11579874295397172 0.9363895443972738 0.07944571474680406 0.11558173072967023
3 0.6536913320883909 0.16660376618319217 0.06416086500443784 0.08289676723663653
3 0.6613270527140898 0.2663722992930154 0.05484945187951725 0.08711335539729971
3 0.6855721127133981 0.3852133091835281 0.07329496144136655 0.08644177189150193
3 0.7019412243086536 0.5097398277556277 0.061009888070454765 0.09368749118541686
3 0.7187199680695323 0.6250125634482555 0.07957020898894526 0.0959431672029568
3 0.7367993170107551 0.7421628818257405 0.07572724694816202 0.09179224814212024
3 0.7519910635035907 0.8678251255569812 0.073576318428606 0.10474525151103734
3 0.7790031599059377 0.9805738544868978 0.0605342445620223 0.038852291026204286
5 0.7588902761927815 0.15682024603331793 0.05603904508305391 0.1140785182506126
2 0.7653011025809501 0.25993599268234113 0.07386140102131382 0.09883297500916141
0 0.7878221663150858 0.37197538863102936 0.05169511821189384 0.10072767917883008
1 0.8108719340411061 0.4782933673191133 0.05833879494184522 0.12450956854707923
4 0.8395494685940219 0.6119508055835421 0.060423400306624735 0.12346542741041172
0 0.8327786417447638 0.7361207367795602 0.06879028022731723 0.1042088273087989
2 0.8769144880174291 0.8637804135893367 0.07454779771991085 0.10412329336751047
5 0.8750753233392122 0.9668716146977018 0.06581055261610827 0.06625677060459655