9 0.22353676470588235 0.709070064342209 0.05981862745098043 0.07697383077744711
9 0.5628186274509804 0.8121380432847587 0.052107843137254806 0.08779756364283729
9 0.6533602941176471 0.8092180768546069 0.05917401960784319 0.07218860151064305
9 0.7121691176470588 0.7163911395946185 0.037085784313725556 0.08510872053101382
9 0.8303480392156863 0.7904808117799649 0.04795098039215695 0.09005345744004478
6 0.46120833333333333 0.9289822741028966 0.06457352941176464 0.09686996770173695
1 0.4715490196078431 0.441790595356171 0.0386838235294118 0.1185955596246281
3 0.5373210784313726 0.4604399684646881 0.04277696078431381 0.06800559497469545
3 0.6098480392156862 0.3876816968032349 0.050580882352941225 0.09175921263447016
3 0.688095588235294 0.44469428549629963 0.04775980392156853 0.07883258309809002
3 0.7666151960784313 0.5253042394649169 0.05038970588235303 0.06752056153200585