9 0.24295343137254902 0.7809559268584216 0.08394607843137253 0.0840279748734774
6 0.3657401960784314 0.42682291905088887 0.03539950980392159 0.09191546501869237
9 0.615188725490196 0.801180844841179 0.06371078431372545 0.08866671753007303
9 0.7093112745098039 0.7963630629943287 0.055879901960784295 0.1018147046107679
9 0.7686446078431373 0.7068760204470893 0.04709558823529414 0.08886528826835526
9 0.8976642156862744 0.7792599374380101 0.05023039215686276 0.09690903079779256
4 0.5217598039215686 0.4932399481193256 0.045970588235294096 0.10430172172630402
1 0.5168088235294117 0.40049764756745754 0.04097303921568618 0.07507601536074873
3 0.5841078431372548 0.44987340098166373 0.04566911764705872 0.07291126878767064
3 0.6479509803921568 0.3811321176979222 0.04345343137254898 0.07214953841458756
3 0.7363014705882354 0.43844419012741287 0.033877450980392076 0.09562320388596428
3 0.8199509803921569 0.5293863330027212 0.05166666666666675 0.07894000661224283
11 0.4096911764705882 0.8962701864143843 0.054678921568627414 0.10306146842654057