9 0.19538235294117645 0.12708201724269474 0.05743137254901959 0.1044221662724752
9 0.21176715686274508 0.24591846595966535 0.04608578431372551 0.09469545535464509
9 0.21006372549019606 0.3635992980849928 0.057382352941176495 0.092426540525419
9 0.2144705882352941 0.4850366979476615 0.0686470588235294 0.09115373464560915
9 0.20702450980392156 0.596958978662801 0.058656862745098015 0.09038549375651686
9 0.20900245098039216 0.7174035248340582 0.06506617647058821 0.08713023575188845
9 0.23093382352941177 0.8457941557946135 0.0623553921568627 0.09976714732585638
9 0.251708984375 0.9695201037613489 0.05810546875 0.0609597924773022
11 0.12841796875 0.9620622568093385 0.0810546875 0.07587548638132295
11 0.09377941176470589 0.12499539686172782 0.06255637254901958 0.12954950281020322
8 0.11261519607843137 0.8483951069403118 0.07082107843137253 0.11147956562651012
8 0.09347549019607843 0.2532004781160194 0.07420343137254903 0.1125147376719819
6 0.10713480392156863 0.34849490094351615 0.05495588235294119 0.08174278375422805
7 0.08371813725490196 0.4463219144986139 0.062044117647058805 0.1406824851860329
10 0.1207328431372549 0.5680425218076854 0.05028921568627451 0.12369980417588566
6 0.10493382352941176 0.7197082475013351 0.06770833333333334 0.11127122911421385
3 0.6352892156862745 0.1319193306375728 0.06224509803921574 0.10758953231097887
3 0.645095588235294 0.2250066885379314 0.05734803921568621 0.08867973856209148
3 0.6656004901960785 0.3408417893746344 0.05669362745098039 0.10875816993464055
3 0.6783602941176471 0.4596131329315124 0.050345588235294114 0.10215976195925842
3 0.6883014705882353 0.5676779329111671 0.06042647058823536 0.09367004908318714
3 0.7085343137254903 0.6858340327051702 0.05922549019607848 0.09885893034256502
3 0.7227892156862745 0.7926748556750846 0.0779338235294118 0.087931029221027
3 0.7459656862745098 0.9297147071539381 0.06055637254901969 0.09833157854581526
5 0.843110294117647 0.9057950713359273 0.07347794117647055 0.12862175427888398
5 0.7345049019607843 0.1084358993921823 0.06704656862745106 0.10618977136898856
2 0.7362132352941176 0.21539065639225854 0.06066176470588225 0.09548973830777449
2 0.83775 0.7908844637725388 0.05785294117647055 0.10062653543907837
0 0.8018235294117647 0.6684346786704306 0.05707598039215678 0.09987131558200453
0 0.7555588235294117 0.3137547875181201 0.05033088235294114 0.09039200427252615
1 0.7811176470588235 0.41158180107321785 0.05243382352941173 0.12002461788866002
4 0.8035465686274509 0.5499628188499784 0.0629730392156862 0.12986200757864758