11 0.17705201525054468 0.8036992088856488 0.08340441176470587 0.10129895117772342
11 0.45754662309368194 0.8054330798640251 0.06362265795206967 0.08516290249202416
9 0.19462031590413942 0.6898328398641004 0.07894651416122 0.08007023219144994
9 0.5489505991285403 0.7077818020151327 0.057106100217864775 0.08397343121713316
9 0.6351864379084968 0.7215785017335945 0.05969738562091509 0.08211831996285093
9 0.6971865468409586 0.6097662246259892 0.049275054466230817 0.08402611817076353
9 0.8126760893246188 0.7026529139551289 0.04917625272331172 0.07214968309272105
10 0.3758990740740741 0.6031728321592363 0.05686361655773409 0.11593394011493247
6 0.732064651416122 0.3384668013605019 0.04972625272331155 0.09136506117266523
3 0.23692107843137256 0.2531072571719758 0.043232244008714615 0.07314788987507383
3 0.4511931917211329 0.3390035331229095 0.047541448801742936 0.07545010478803624
3 0.5287613834422659 0.3597445662340451 0.04940484749455343 0.07188559727296795
3 0.6709356209150327 0.3469129661183779 0.039126416122004404 0.08014170318941821
3 0.7524157407407407 0.4441049873453729 0.04584700435729849 0.07982099999340668
2 0.5954673747276689 0.35140083359471475 0.05678442265795214 0.09250107387721387
5 0.24522941176470586 0.1728848959231096 0.06072271241830063 0.08503577863868804
5 0.5165355119825707 0.18713752466639727 0.03319400871459699 0.05859162995553217
4 0.5257824618736383 0.2686033944730316 0.03625991285403041 0.11363743998824494
3 0.5897882352941177 0.2758295849828618 0.047330010893245955 0.07147234829753578
1 0.5908649782135076 0.18650925987150394 0.04997614379084969 0.126921014593088