6 0.48995521085244115 0.8381007109724956 0.07597285862464025 0.1030377221611518
9 0.7446064035451916 0.5127479532911238 0.05840430422332669 0.06853033605735491
9 0.3926286562998918 0.7297853107344632 0.05819507171565427 0.08288635631566825
9 0.30681903914006836 0.72538364621236 0.057745816265820975 0.09189852664229552
9 0.24857949843984753 0.6318014458050351 0.062662332766913 0.09438164367296976
9 0.12942270845906578 0.7027613069623039 0.06398453173308916 0.10504840123504132
3 0.4337966907930312 0.38211918546355234 0.042975849380718655 0.07625048273981481
3 0.3636733024869703 0.3762084390702537 0.040517709835880815 0.07330358099490684
3 0.2864423459786301 0.35747278733599763 0.04568668598487929 0.08047362868658975
3 0.19751184617338158 0.4596500572357003 0.04636579221079396 0.0735905196092634
7 0.4156900708096672 0.5019817197978713 0.05246870834777917 0.1124424879208528
1 0.5895383426571531 0.5005526258830346 0.05493820711577939 0.12318232538850674