9 0.2031544117647059 0.7660142926171765 0.07542401960784317 0.08995254444190133
9 0.6060735294117647 0.7622837669438721 0.06018872549019605 0.09550926985580238
9 0.6960245098039216 0.7565447470817122 0.05871323529411776 0.10356277815925345
9 0.7523210784313725 0.6527475903461255 0.05366421568627455 0.08477668421454189
9 0.8871740196078431 0.7252454413672085 0.06111274509803932 0.08979303679967444
11 0.3915343137254902 0.8870187431652298 0.07228431372549016 0.10409338521400789
6 0.2567328431372549 0.30246880801607284 0.047779411764705904 0.10362788331934589
7 0.8315098039215686 0.8564714020497952 0.08227941176470588 0.16018799114976723
4 0.49526470588235294 0.4577511253528649 0.0493553921568628 0.134240329594873
1 0.4768039215686275 0.27323984639251286 0.05164705882352938 0.14282444495307853
3 0.5598578431372548 0.39402944991226063 0.04863725490196069 0.0719021388062358
3 0.622031862745098 0.31614414689351744 0.04798529411764707 0.08540494900943518
3 0.7220563725490196 0.37214435034714277 0.05195343137254893 0.08021932300806191
3 0.800936274509804 0.45845751633986925 0.050401960784313804 0.08682424149945325