11 0.16606372549019607 0.8164610259149055 0.08702941176470586 0.11271981892627342
11 0.6077843137254902 0.8415623203885964 0.08566421568627458 0.12060405381348385
8 0.2992475490196079 0.8357191322702882 0.08133823529411766 0.11618992395920763
6 0.39414215686274506 0.8342054372981358 0.07749754901960781 0.10588377711655345
6 0.7892107843137255 0.7154894331273365 0.06861764705882356 0.10608885837084504
9 0.19689950980392157 0.6895222400244143 0.06781862745098038 0.09973133948780545
9 0.3020024509803922 0.6818300653594772 0.06724019607843135 0.0941095089138119
9 0.4017279411764706 0.4900530505327942 0.05100735294117653 0.09793118181124584
9 0.5048529411764706 0.5131979349457033 0.061178921568627365 0.08888481981638306
9 0.602779411764706 0.7230644185041072 0.06094852941176465 0.08543099107347228
9 0.7014411764705882 0.732101014724956 0.05238970588235303 0.1035074387731747
9 0.7699289215686275 0.6124605172808423 0.06191666666666662 0.09208799369293756
9 0.8938112745098039 0.7078884056865288 0.071936274509804 0.10716309351237238
7 0.7325833333333334 0.82724569568424 0.0788872549019608 0.13428590320693784
10 0.4888112745098039 0.6854987411306936 0.0634044117647059 0.13725469850715888
3 0.27303676470588234 0.23682327509473308 0.03872303921568632 0.0797603316294092
3 0.34663970588235293 0.31925942880394703 0.05112009803921569 0.08838025482566565
3 0.4281078431372549 0.24718150606546122 0.0375882352941177 0.08419724828971792
3 0.5162794117647059 0.25909249510439714 0.039909313725490225 0.08523567559319446
3 0.5876911764705883 0.33140154116121157 0.033227941176470654 0.07359812822664728
3 0.6511348039215686 0.26656982274102897 0.044916666666666716 0.0904213015945678
3 0.7444264705882353 0.3309034866865034 0.04522303921568627 0.08888481981638315
3 0.832843137254902 0.4325131100429796 0.04803921568627456 0.0902748149843595
5 0.28239705882352945 0.1545563948017599 0.05744117647058822 0.08775199003077237
5 0.7859730392156863 0.20087871620762443 0.05233823529411774 0.09576317998016327
2 0.7206029411764706 0.18300083924620428 0.0515000000000001 0.09256000610360879
0 0.3448088235294117 0.21917326619363697 0.04255637254901956 0.09654444190127416
1 0.5049705882352942 0.15159411001754786 0.04670833333333335 0.1274075430431576
4 0.5866911764705882 0.16610605020218205 0.050833333333333286 0.12713410137076878
2 0.5832671568627451 0.4059143968871595 0.061139705882352846 0.09242003000940978
0 0.7279460784313725 0.2541314819053432 0.04660784313725497 0.09810371048549124