11 0.8159679633178268 0.8221754854847139 0.08875067119458654 0.11916372610885995
11 0.4086258967482281 0.8153820440850482 0.07563758574981311 0.09563838039463153
8 0.6993012177925171 0.83316825853685 0.07212004292777774 0.11226088206264528
6 0.6026242607898339 0.8222463900952839 0.08231773294305492 0.10377084683686572
6 0.24391454303925514 0.6831074219698073 0.07765352236466974 0.10790110131718358
10 0.5196996087894409 0.680878921735191 0.07372350582586132 0.12222346716464368
7 0.3006508304173557 0.8033306968727008 0.07964266424642322 0.13819466978092615
9 0.7970945608326326 0.7035864278433085 0.08355001537743546 0.0915366339536156
9 0.6959896824219066 0.6812783997730931 0.06901873609668366 0.07930473582569274
9 0.6105290741063345 0.49790957415925935 0.056962299116568124 0.0831764686846535
9 0.4490142769988694 0.42184537396338084 0.06560993217439796 0.08587498608005896
9 0.41290507068243554 0.7024832641857287 0.06662308507915628 0.08344156908431073
9 0.32076954565234383 0.7039855403935275 0.04910777180602788 0.07489768533985137
9 0.26337394266689895 0.5925069238024806 0.05782138230598455 0.08883141595068196
9 0.1363408471282191 0.6786456701606907 0.07210875610527206 0.10599155000090414
5 0.7420839643817017 0.17883821744803935 0.056085780998077824 0.09518870871488251
5 0.255882061881094 0.2019724913410828 0.05922654582654967 0.11042954511060282
2 0.3173902893466991 0.1814958002229094 0.040315612362454366 0.07806719452986767
0 0.6820818394997208 0.24993385624722195 0.05272790542124506 0.10448744635468869
0 0.3215310850017313 0.2600565249545282 0.04579366707744835 0.09255366434715234
1 0.5270777954851278 0.17259337306108313 0.051807341166147235 0.11889874753843092
4 0.45179166120032893 0.18099325465830235 0.049294784361040664 0.11987740172521606
3 0.7496067692259164 0.2615266382461921 0.04532338280637843 0.07655188259469603
3 0.6732140675216378 0.3435058911094169 0.05021901912752236 0.08462940405520016
3 0.6001734603387624 0.2698461125530743 0.04177620060491738 0.07692199978870243
3 0.5123121540525098 0.2703942222488724 0.04835568402345389 0.08692588499891973
3 0.443761958733989 0.3515848745206543 0.04361769616625136 0.07113413683516225
3 0.3823785286554387 0.2756913570729005 0.0491792550152304 0.07958884158488408
3 0.2962407109895254 0.32959689183182617 0.04681021520523667 0.07835702626276463
3 0.2079244448172307 0.42468484777533166 0.049570715054329945 0.08102520818045177