6 0.49007598039215683 0.8493358765036495 0.07328921568627456 0.10034007273467115
9 0.2439754901960784 0.5329345642277664 0.05657843137254903 0.06650492103456165
9 0.5893014705882352 0.7386538490882735 0.05605147058823534 0.08080201419089042
9 0.6747622549019608 0.7317527021184609 0.055404411764705896 0.08978652628366536
9 0.7347769607843136 0.6368847180895705 0.06024019607843134 0.09211403575697474
9 0.8517377450980392 0.7040244144350347 0.06131862745098049 0.1026936242720174
3 0.5560686274509804 0.393772284529895 0.041058823529411814 0.07464306604613305
3 0.6259583333333333 0.3858294549986013 0.0386789215686274 0.07178169426006455
3 0.703203431372549 0.364911167060858 0.043661764705882344 0.0787674779379975
3 0.7894019607843138 0.46401424175377026 0.04449019607843141 0.07189562829022658
7 0.5714191176470588 0.5125599043767961 0.04969852941176467 0.11039230945296405
1 0.3985073529411765 0.5162416011800309 0.05191666666666672 0.12101096106406249