7 0.6567377450980392 0.6148336003662165 0.05367156862745093 0.12622262912947288
1 0.4120637254901961 0.5289989573001704 0.049617647058823544 0.11722835126268402
3 0.5626936274509804 0.41745754177157246 0.04205392156862753 0.06992945245543102
3 0.6242573529411765 0.34698120597136395 0.03528186274509815 0.0689528750540423
3 0.7020808823529411 0.40822237481244117 0.03651470588235295 0.074249179827573
3 0.7879338235294118 0.49005630579079884 0.05625735294117651 0.06864037028559802
6 0.48825735294117645 0.8437075354136467 0.06229901960784323 0.09559065130591801
9 0.25650980392156864 0.5440024414435035 0.04243382352941172 0.07561964344752162
9 0.5805196078431373 0.7391193509829352 0.0654485294117646 0.08824027873146673
9 0.6730612745098039 0.7428921950102998 0.03975245098039215 0.09578922204420023
9 0.7314093137254902 0.66353226011546 0.04370098039215686 0.08355596246280611
9 0.8432352941176471 0.7255709671676713 0.05656862745098046 0.08393031713333834