11 0.15385539215686275 0.7515707128506396 0.08957598039215686 0.11965677373413686
9 0.18387990196078433 0.6170048574553039 0.0662916666666667 0.08815889728135094
9 0.5934803921568628 0.6637959360138349 0.06440931372549019 0.08733857226418458
9 0.6849044117647058 0.6567775997558556 0.06834068627450973 0.0960887057806262
9 0.7546225490196079 0.5634102896670989 0.06561519607843147 0.08839327585768425
9 0.8857107843137254 0.6385383891559218 0.05818627450980385 0.0921661198850488
7 0.8153186274509804 0.767000635792579 0.09206372549019615 0.1537718776226445
10 0.39396078431372544 0.5255744258793011 0.05262990196078432 0.12991083644871695
6 0.7907794117647059 0.2690926476946161 0.05949754901960791 0.1150017547875181
3 0.2535441176470588 0.1788536405483075 0.04385539215686274 0.07450308995193404
5 0.269953431372549 0.10048004882887007 0.05461029411764706 0.09679184150962591
5 0.5608186274509803 0.13432822156099794 0.04320833333333329 0.10589028763256275
3 0.637546568627451 0.21526370133007808 0.04470098039215675 0.07895953816027057
3 0.5626519607843137 0.29247191068385847 0.041968137254901894 0.08037557539228397
3 0.7239828431372549 0.284255639480176 0.04845588235294107 0.08673634953332825
3 0.8132377450980393 0.3800709035884133 0.05049509803921559 0.083048142214084
4 0.4910784313725489 0.33885282673380634 0.05078676470588239 0.13082230869001302
1 0.4841887254901961 0.1091097377991404 0.04925980392156859 0.13683477022456195