9 0.2619460784313725 0.631604689606063 0.06310784313725493 0.09457501080847382
9 0.6124681372549019 0.7517367310088757 0.06316911764705879 0.09719874876020448
9 0.6976274509803921 0.7447769893949798 0.05701960784313731 0.1093245848274458
9 0.7576348039215687 0.6646813661910939 0.044681372549019605 0.08585091935606923
9 0.8691127450980393 0.7320098675008265 0.06910539215686273 0.10332188906691092
7 0.8066078431372549 0.847551995117113 0.07399754901960787 0.1423491772844027
6 0.4163602941176471 0.7113552554614583 0.045955882352941124 0.11084479031560754
4 0.5031617647058824 0.8297066707357392 0.05289215686274518 0.12293156328679322
1 0.5127867647058824 0.3812167544060425 0.047632352941176404 0.11789567915363286
3 0.5831274509803921 0.4070732687368073 0.04370588235294126 0.08496874443681489
3 0.6463357843137255 0.34588418402380405 0.04267156862745103 0.08303512118206557
3 0.7288063725490197 0.3974377050431067 0.050747549019607874 0.0884844230818138
3 0.8129534313725489 0.4887021184608733 0.055698529411764675 0.07244251163500416