9 0.7787738146291385 0.6212519780593176 0.056363657062400624 0.07853833251955195
9 0.4524979100308912 0.7403598089184705 0.053029970155588094 0.08678899767858199
9 0.37134655549031803 0.7390390095283782 0.054878274515539 0.11411409954399694
9 0.3097866839295405 0.6616253557080325 0.06409413944072011 0.08786521271097628
9 0.20276949260198396 0.727265774077215 0.0499182757772774 0.08698935802659478
7 0.3794333711137924 0.629385979549822 0.04815294332716091 0.1293846135396056
1 0.5339364086770316 0.4470068945825016 0.06232676985678558 0.12330947726695174
3 0.47170474177020444 0.41120766838845624 0.050224891945736594 0.06699169943206648
3 0.40332487653245647 0.3521484405382948 0.04875865111574218 0.07913320027297366
3 0.32625691084887026 0.39923677719813716 0.0450079207054836 0.07499668377034803
3 0.2508356283349142 0.48874237172952767 0.04881859056664234 0.07389568867302275
6 0.5498597661052649 0.836217506288958 0.06724771435392181 0.09626894411179364