11 0.8811230066512202 0.7774863788017524 0.09642141762054622 0.12333896356766504
9 0.8445225478668833 0.6401928907336126 0.07133983008841396 0.0908777061129434
9 0.43054132805385525 0.6795369360939125 0.06939041624880408 0.09000678835336423
9 0.3373480184666459 0.670580317525927 0.07378080252677192 0.0989738414743247
9 0.26229125139767834 0.5743433662187852 0.07066324538045685 0.09110226945020915
9 0.1325275276365691 0.6480391601914762 0.06328741340157455 0.09478627900679618
7 0.20985973591082524 0.7799393805440978 0.10049496144136677 0.15804316002690555
10 0.6269628471141544 0.5431179664409559 0.05935367200378107 0.13301669302669586
6 0.2122201467418243 0.27464980237154146 0.0656545561434451 0.11800916046895016
3 0.7538927868266649 0.19372198139393362 0.047928457308849544 0.07655755585599289
5 0.7336706245461148 0.11378130341972342 0.059864338163248834 0.09941366033164842
5 0.43972273230279774 0.14235101148838006 0.048693792578759824 0.10842806084908951
3 0.3654453914075918 0.22303251822956283 0.04898946179294747 0.08110136278002147
3 0.44502836336180573 0.30295835268475224 0.04627742389136723 0.0824851657620057
3 0.2807642603543475 0.2913876091597035 0.053156459291535334 0.08907617809237585
3 0.1944355632788094 0.38693377346449237 0.055060870768060224 0.08537041763662957
4 0.5198402548673792 0.3515031263664398 0.05752259224677534 0.1339057365355745
1 0.5164259218913902 0.1182654423365989 0.05624391649663972 0.1399827369077724