7 0.47398855925358346 0.5062903020615457 0.04572207770661145 0.10467156006950805
6 0.5444204976401605 0.648107059190989 0.03770305578477209 0.08426175585783947
9 0.7519770346793805 0.5612746016688472 0.042552940303264675 0.07420716720480171
9 0.46471569718958616 0.7604162111616851 0.05716440287983369 0.07702658416229338
9 0.4184643308403298 0.5855507689094279 0.04307300788941714 0.07361732553158375
9 0.3346187730580989 0.6824447712901801 0.04025192345475257 0.07327835285221253
9 0.23272593116516263 0.7548090391218872 0.04502787186573575 0.07517304006181047
1 0.6764017586370998 0.546625971471589 0.042555063940517085 0.09986640635047715
3 0.4770439144083374 0.4426430509985718 0.03895248099685218 0.041078819912834685
3 0.40805884361315237 0.5165519430398781 0.04647826022415189 0.07479663755032016
3 0.3506142323863413 0.4553734270548975 0.04347571657476175 0.07366906385772737
3 0.27889553748018914 0.5344669202138616 0.03589958479049593 0.0693811201138738