11 0.18513725490196078 0.8044719106838585 0.07370588235294118 0.1050146232293177
9 0.20943382352941176 0.6821458253859262 0.061024509803921545 0.07520948093893844
9 0.5799068627450981 0.7234387731746394 0.0519681372549019 0.07967243966328434
9 0.6628308823529412 0.7230644185041072 0.04869852941176478 0.09845202309198652
9 0.7293504901960784 0.6316925815721879 0.051838235294117574 0.07521273619694312
9 0.8438774509803921 0.7015862261895678 0.05049999999999999 0.0782856997533126
7 0.7747426470588235 0.8234435543348338 0.07399264705882347 0.1266816205081256
6 0.5753063725490196 0.60866814170545 0.059924019607843215 0.10729655909056224
10 0.6204583333333332 0.21586592406093436 0.054644607843137294 0.10620930291701638
3 0.27915686274509804 0.2724032450853234 0.04606127450980391 0.06953556623687088
5 0.4121004901960784 0.19635065232318608 0.04233578431372553 0.0736892754507769
5 0.42138480392156863 0.27576267134610005 0.03884803921568625 0.08602344803031456
1 0.48889460784313726 0.20076803743546703 0.0390637254901961 0.12483914447750566
4 0.49226470588235294 0.4185545637191323 0.047431372549019635 0.11444185041072194
3 0.5552769607843138 0.37397055008773933 0.051727941176470615 0.07410269321736469
3 0.6190539215686274 0.296586556801709 0.04202941176470598 0.06256931410696574
3 0.7069852941176471 0.3614671040919611 0.04387254901960791 0.07513786526283671
3 0.7851617647058824 0.4568136110475318 0.04581127450980382 0.08028117291014973