11 0.20618265380226164 0.8062684911060017 0.08514987492939557 0.10275906129591825
9 0.2258977833108552 0.6705958859218308 0.07135427142050242 0.08869823172522817
10 0.4352398865719127 0.5813504280275522 0.06155696187940204 0.12414014618095318
6 0.8166673191087134 0.3166947213921923 0.06682159283466461 0.10631040996303855
9 0.6271871194568361 0.7178723960261897 0.0756735207663313 0.08615930413350135
9 0.7240917591728049 0.7230828876048543 0.07029699254187287 0.09462079581454408
9 0.7920961395257692 0.6132731302797799 0.062261304192458865 0.10495335470839885
9 0.9222512731841708 0.7200578470123227 0.06076230129912029 0.0845781264382003
7 0.8350210533596155 0.701694993316704 0.08786348053624735 0.11594074303707712
3 0.28254613088033564 0.20114664577000466 0.052263162384295334 0.08720153471821557
5 0.286783029590437 0.11103369931196018 0.05157034731588107 0.09197744921029943
5 0.5871427810630425 0.1647442625554589 0.0557135894687093 0.10429068711171585
4 0.5212064990605296 0.30232874238262136 0.05704034766169854 0.12956263554365285
3 0.5974809858099619 0.3296700145338963 0.05562221991677334 0.08026706393287812
3 0.6650038224343234 0.24716368573487074 0.05299841615658622 0.06491470124183964
3 0.7524883056103099 0.329343947000554 0.04488450853592455 0.08637865019427965
3 0.8443613675923044 0.4385945984425097 0.05396996922225669 0.07179592151504624
2 0.6708658782031331 0.3217023760384942 0.061648958513446345 0.0893894106356738
1 0.727758382035942 0.1467586693878254 0.05708158753213211 0.15480541131692027