11 0.8351329019048663 0.7822494472474685 0.08265009774887248 0.10076807312799421
11 0.5514348743029075 0.7784183566188962 0.06291362956941038 0.08484591895881716
9 0.8154337077685083 0.6667635749644742 0.07850034604606333 0.07939138077249255
9 0.45732364146272747 0.6778584165436476 0.05634211116057688 0.0837729202180365
9 0.3703275664724594 0.6900921177441415 0.0589946796224248 0.08184553310280979
9 0.30571926179707376 0.5757986612110015 0.04841991797267325 0.08398210100214057
9 0.1904717745560438 0.6674218913797254 0.04852111397152914 0.07197519709208852
10 0.630598004589573 0.5755281759594765 0.0555555572761077 0.1160946529342284
6 0.26584451455694713 0.30077955933987593 0.04875202584269408 0.09139389883034411
3 0.7652491363903244 0.22432584673692785 0.04249169338899317 0.07310287279029863
3 0.5499621917254343 0.30691407517815145 0.04681157329444904 0.07534496916673561
3 0.47185126858465215 0.3263421090352553 0.04875681586005036 0.07170361537751356
3 0.3278211176277026 0.31053691092475044 0.03822009906079373 0.08025641702144672
3 0.2470479358750191 0.40719056737203885 0.04502357543653633 0.07979833912498067
2 0.404235163355679 0.31657730150164043 0.055872304055986644 0.09240206005609855
5 0.7554864203266038 0.143043505788316 0.059982414235849 0.08477511181162913
5 0.4812948153309805 0.15205370308503963 0.03258428576651677 0.05858414259349683
4 0.47332097804790446 0.23424391543909442 0.03475328270608446 0.11418273813093022
3 0.4086998999929026 0.24027641148202403 0.046665064832557945 0.07132706560028015
1 0.40609803964582436 0.14993862586148968 0.04840262986405486 0.1273413668287566