11 0.1286985294117647 0.8326136161338724 0.0735735294117647 0.1222381933318075
11 0.5502745098039216 0.8283101650517536 0.05887990196078441 0.10386226189567913
8 0.2580171568627451 0.8465070572976272 0.06014950980392153 0.11746924035502655
8 0.6187549019607843 0.6125842170850182 0.06103921568627446 0.09559065130591801
6 0.7198357843137254 0.7048610157422244 0.06467401960784325 0.10436682688639667
6 0.3573799019607843 0.8291402558429338 0.055443627450980415 0.10552244347803966
9 0.1629142156862745 0.7048219526461686 0.06847549019607846 0.07498486813661903
9 0.2662794117647059 0.6886726176852064 0.05461519607843135 0.08825981027949453
9 0.3635980392156863 0.5071203682510617 0.04582107843137251 0.0897474631876096
9 0.4520882352941176 0.5237710129447369 0.05858823529411761 0.08724416978205035
9 0.5450882352941177 0.7186860964878817 0.04851225490196076 0.08969863431754035
9 0.7018700980392157 0.6062918033620711 0.045899509803921656 0.08300907911802853
9 0.8229117647058823 0.6954077464967829 0.06003921568627457 0.09522280715139485
9 0.6347205882352941 0.7156033671574986 0.05375490196078436 0.09004043640802634
10 0.44292401960784317 0.6905671778439001 0.05741666666666667 0.12134625263853925
7 0.6561985294117647 0.8093092240787365 0.06579901960784307 0.1374760560514739
3 0.3048063725490196 0.3631305409323262 0.05079166666666668 0.078464738943567
3 0.2368235294117647 0.2885656010783042 0.04472549019607841 0.07907347219043262
5 0.2476348039215686 0.20690745403219654 0.046740196078431384 0.09154111034815998
0 0.3056617647058823 0.26899498995447724 0.04514705882352943 0.09201963327484043
2 0.37165441176470587 0.35277556521960274 0.05703431372549017 0.09030736756440576
3 0.38378431372549016 0.29175900918084485 0.037176470588235255 0.06593199562574704
3 0.46560049019607846 0.29615686274509806 0.03414215686274513 0.07472444749624883
3 0.5299877450980391 0.37793219907937237 0.0379191176470588 0.08202273594262606
3 0.5918406862745098 0.30225721624577195 0.039071078431372586 0.08366989649296815
3 0.6776838235294117 0.35864479540194805 0.04409313725490205 0.08576953790595358
3 0.7606176470588235 0.44619821469443804 0.05064705882352949 0.07858518348973827
1 0.45369607843137255 0.20323226774497088 0.047100490196078426 0.11023280181073723
4 0.5256274509803921 0.22115897357646042 0.03654901960784307 0.1330716919712113
0 0.6625735294117647 0.2868533353678696 0.03649754901960778 0.08216271203682514
2 0.655607843137255 0.21975921263447015 0.04148529411764712 0.09120581877368329
5 0.715188725490196 0.22934920271610587 0.045573529411764735 0.08434373489992622