9 0.266810230482752 0.60506578476338 0.05864964496895024 0.08836953140184906
9 0.6124191534848928 0.7021487434328666 0.06341087694634003 0.0788377721498425
9 0.6909889815942706 0.6924875393447806 0.05140468882572708 0.09721403734744391
9 0.7462199431542824 0.6083418605258349 0.04236814660548416 0.08927668497196165
9 0.8667926150048827 0.6741303603909384 0.057457706989869316 0.09783987305234262
3 0.7903816318184662 0.4431532428802265 0.04742007471733581 0.07302389435726939
3 0.7110269893454301 0.3698643690765255 0.05627284780163079 0.08599719299467083
3 0.6254411480913898 0.3095132949821443 0.05760300848610787 0.07747514802340535
3 0.5702507032947522 0.37608366245151703 0.050418222065045135 0.07325589990397703
1 0.414490573012401 0.49123966011911496 0.06135551276845629 0.12380577936752438
7 0.6754751594692653 0.5763573263245229 0.04999852428167896 0.12500182588792283
6 0.5185869866093844 0.8074353707039852 0.062403080671146145 0.1130066044112571