11 0.8184733110091683 0.8889159715262251 0.0830448061905469 0.11691848653834619
11 0.11276054945834872 0.8649115445566604 0.08609103699832457 0.12184555290005926
8 0.6910573627805844 0.8969611595096754 0.07848586587865392 0.12271285517265038
8 0.20756820677596474 0.8809887629669603 0.08765588611664901 0.13079312997370177
6 0.5936533508829659 0.8914536256092652 0.06036528527831003 0.12365449764003433
6 0.3115484169844311 0.8843095109603475 0.0775586396453943 0.12141223070267869
7 0.5037086072775058 0.8973499653072239 0.07986258293599321 0.1366789436263801
10 0.4090392548288373 0.8552453456000136 0.06471555701802491 0.12372094330086796
9 0.7920522359651331 0.7695172855686617 0.06494189910251684 0.10783078148690663
9 0.6852855570395319 0.7466369525180102 0.054976570810401665 0.10307958779842206
9 0.584294868237961 0.7659910603996951 0.06973444911144239 0.11170699766144968
9 0.4956394101086744 0.5809477895133589 0.06509094021726261 0.10505870360376564
9 0.4061664556839518 0.7647555658348966 0.05686791191632961 0.08379280274801061
9 0.31149996623416293 0.7714492534628531 0.06365167764594051 0.10139717489442264
9 0.25208838992874766 0.6466868895570461 0.06451184363621511 0.10223860063903249
9 0.12880655702447708 0.736626244871037 0.06170693059937576 0.10005247260983882
5 0.7020454974223976 0.27080466339440973 0.04748289147401881 0.09701000693855523
5 0.2343707764206923 0.2781035986259947 0.047754325790862674 0.08603090312577628
2 0.628715011602974 0.2816892520922742 0.04351984033275481 0.09199522353283819
2 0.2915650702092838 0.27926387582555956 0.0447585278095004 0.08781199770428051
0 0.5643224779392947 0.2802859986808179 0.04364537182208652 0.09402631168675414
0 0.3618464071643793 0.27805820505572254 0.045251238905126744 0.09271340683062218
1 0.48813961937083716 0.26456973590659505 0.054849717936971826 0.11648889231533596
4 0.4190165306355074 0.2718623116524897 0.04759179554678075 0.12952978524743236
3 0.7134883533670132 0.349640795278356 0.039177662070641654 0.0712764577390588
3 0.6468454475263836 0.42086264915752236 0.0414743377487004 0.0844831358843231
3 0.5673396382969114 0.35368279666606695 0.03976413637957101 0.07571976460308906
3 0.4868663006191837 0.34546305176504855 0.03964614779113353 0.07679978070738996
3 0.4220610546554918 0.4299593452059723 0.042099462542503185 0.08340202331697222
3 0.3580464919015757 0.3543266397690574 0.04031399733744549 0.07797562768226553
3 0.29160515219359656 0.35748160254927663 0.04973838401434935 0.0860291487848961
3 0.21969625543318136 0.3467320980991785 0.039725540952368604 0.08065626054703219