11 0.769747385620915 0.802660685130083 0.08076677559912859 0.09963073995895147
11 0.4850447167755991 0.7836084075326821 0.08132657952069722 0.09985012023544104
6 0.5652933006535947 0.7987791395983864 0.06745272331154695 0.10339444515088063
9 0.7536866557734205 0.6793293279342769 0.059236437908496864 0.0823488645686455
9 0.5020126361655773 0.3394863481675516 0.042053159041394395 0.074145951979293
9 0.39106002178649246 0.6830028504229668 0.0591678104575164 0.07825264079979878
9 0.302447385620915 0.6898313448567206 0.057251089324618754 0.09906562716934784
9 0.2402765250544663 0.5718986522139239 0.051416067538126387 0.08474953295148102
9 0.12077821350762528 0.6526960608175633 0.06182058823529421 0.09945124262127396
10 0.5657080065359478 0.5832618175002143 0.057039488017429196 0.11852908002226673
7 0.20155887799564273 0.6552711145773581 0.07361590413943347 0.11882400639748626
3 0.7059976579520697 0.2573649176248296 0.040237799564270205 0.0767302892526564
3 0.5622855119825707 0.25747747721272296 0.05015419389978204 0.08400412709446567
3 0.4091302832244009 0.3352603722259428 0.041543246187363714 0.08023880633004499
3 0.18316568627450985 0.4039510663889902 0.05376655773420491 0.07792168956932832
3 0.26471650326797386 0.3177126025392143 0.04660185185185195 0.08457517168754417
3 0.3503420479302832 0.2534960555428397 0.036355283224400736 0.06597363881518396
2 0.3449208605664488 0.32098645168400264 0.05307532679738558 0.08553595505935485
4 0.41528523965141606 0.2390864269116399 0.043275762527233086 0.1088550801710894
5 0.6958364379084967 0.17723775458783214 0.05151650326797386 0.08862748564286163
5 0.42759264705882355 0.16622068350998948 0.0445992919389977 0.056216858958600055
1 0.35075751633986935 0.15486639181588954 0.04881176470588244 0.12066392644774677