11 0.1435343137254902 0.8091171638564635 0.07628186274509807 0.10453610030263732
9 0.16292892156862746 0.6907755143561966 0.06114950980392159 0.07944782686096494
9 0.5226446078431373 0.7177518374405534 0.05264460784313729 0.08782686096487886
9 0.6011200980392157 0.7092002746623941 0.047828431372548996 0.09351379669896492
9 0.6602107843137255 0.6274574909081662 0.05326470588235299 0.07651158414078986
9 0.7673995098039215 0.6915404999872841 0.054404411764705785 0.09074031687902144
10 0.16866666666666666 0.5935604893059688 0.07262990196078428 0.10963057907988098
6 0.5121593137254902 0.6057644515653213 0.06108333333333338 0.09823066554767165
7 0.7038921568627451 0.8033521019302663 0.07200245098039226 0.12556181175453324
3 0.223625 0.2833376567228707 0.05019362745098038 0.06862083873757022
3 0.49664950980392153 0.37728765799445585 0.0349656862745098 0.06771913227028821
3 0.5636642156862745 0.3111538363724219 0.03663970588235288 0.06891381195798682
3 0.6433014705882353 0.36836499580376897 0.04395588235294112 0.08242313267719534
3 0.7161544117647058 0.4577478700948603 0.04505637254901962 0.08214969100480654
4 0.4353921568627451 0.4249869535362783 0.042350490196078394 0.10126131074998096
5 0.3579362745098039 0.21135413646651915 0.04430392156862739 0.0874166984562956
5 0.5026985294117647 0.2969641667302459 0.05196323529411773 0.08610482948043027
1 0.43533823529411764 0.2110644185041072 0.03489215686274505 0.11613458457312888