9 0.21353407701386798 0.7708440413991705 0.08997988889907628 0.09304865649963687
6 0.3557320636916535 0.39735877933754754 0.04052967285333195 0.09722359284691345
9 0.5945409779617331 0.7615306228345261 0.06942978651566017 0.09617590412009375
9 0.6913361776566932 0.7489793505053054 0.06199681396198346 0.10904129492799247
9 0.7563120262311114 0.6523149771739835 0.05239082027526388 0.09503724010687271
9 0.8853790980654118 0.7162016603376566 0.05597553858625016 0.10354849181967027
4 0.5127757091525098 0.4529380449403217 0.05194319852486381 0.11079386264936518
1 0.5119415295369242 0.3581259531953038 0.04547748685460974 0.0803860353708974
3 0.5787333860167685 0.403378818268936 0.050196804938853756 0.07854308648744293
3 0.6473867782041933 0.32764829155413216 0.04788852301552987 0.07758204089052889
3 0.7354152121235936 0.37934785108598856 0.03913770314776259 0.10090708936136467
3 0.8170805954683514 0.4659529322800778 0.05662660105978132 0.08521698398745992
11 0.3793365525531819 0.8757566921664363 0.06082162291176395 0.11022422120300507