11 0.17036274509803923 0.8143320871798784 0.0662156862745098 0.1019481701889576
11 0.5688308823529411 0.8404848299890643 0.059230392156862655 0.09566226698201989
9 0.2000171568627451 0.6967684443427177 0.06180147058823532 0.08166791282012148
9 0.3038357843137255 0.6952645151445793 0.05620098039215682 0.08517057043310194
9 0.39212009803921566 0.5241648991632969 0.04404656862745093 0.08152142620991333
9 0.4848897058823529 0.5413982350398007 0.03840686274509797 0.08994603392589196
9 0.5687622549019609 0.7341648482998907 0.05173774509803919 0.08810030263726765
9 0.6564975490196079 0.7360528979425752 0.04583578431372559 0.09187965718064128
9 0.7212230392156863 0.6342902774598815 0.05274019607843128 0.09342915999084461
9 0.836764705882353 0.7275371430024669 0.05588480392156869 0.08461066605630593
10 0.46947058823529414 0.7081358052948807 0.056588235294117606 0.1369552147707332
8 0.28944117647058826 0.8303349355306324 0.061725490196078425 0.11442231886269427
8 0.554063725490196 0.43487968261234455 0.059105392156862724 0.09175270211846094
6 0.7323651960784314 0.7282467892474759 0.06766911764705874 0.09579573256020961
6 0.37765931372549016 0.8338441036596221 0.0665931372549019 0.10516762035553523
7 0.6745882352941177 0.8361976551969686 0.0673161764705883 0.13591353220925212
5 0.2886740196078431 0.2165299966938786 0.04303676470588236 0.08148887362986701
5 0.7460759803921568 0.26415116604358996 0.043625000000000025 0.08559049871569903
3 0.275375 0.29326619363698786 0.03849264705882349 0.06894636453803314
3 0.34101960784313723 0.3688988581165281 0.042330882352941135 0.0639593092749421
3 0.4194558823529412 0.30185681951120263 0.03498774509803926 0.0633375549960581
3 0.4958235294117648 0.3087807532870476 0.038215686274509775 0.07068141705450018
3 0.5600808823529412 0.38184176394293123 0.029473039215686336 0.0475267668675771
3 0.6205833333333334 0.32490404618397295 0.04508823529411754 0.07362417029068433
3 0.7042598039215686 0.38592385748073543 0.040872549019607796 0.07196398870832378
3 0.7807573529411764 0.48087973347575086 0.050762254901960846 0.06656026042064041
0 0.3441691176470588 0.2799782304620941 0.04618137254901966 0.09445456626230263
0 0.6948382352941177 0.31572747386892497 0.03673529411764709 0.0780610869509931
2 0.40902941176470586 0.3697549909717453 0.048450980392156895 0.09496889702703387
2 0.6882941176470587 0.2514784466315709 0.044950980392156836 0.08628386867068483
1 0.49606617647058826 0.22280938938480713 0.05095343137254904 0.11684097556013326
4 0.5624485294117647 0.22945988148826327 0.03665931372549025 0.1073551537346456