7 0.5337107843137254 0.535952188398057 0.042911764705882316 0.09857897815416701
6 0.4674656862745098 0.6793039851478853 0.03541911764705885 0.07928831921873804
9 0.26403186274509804 0.6107352305383892 0.04031617647058827 0.0691091274382645
9 0.5468725490196078 0.7824500902825462 0.05452941176470594 0.07073675644057878
9 0.5890441176470589 0.6088016072836397 0.04083333333333328 0.06849388367538974
9 0.6722303921568626 0.696634978764528 0.038085784313725446 0.06837994964522784
9 0.7725833333333333 0.7592238244195214 0.04271568627450972 0.06986109203733366
1 0.33735294117647063 0.5906958622618956 0.03989950980392154 0.09413555097784893
3 0.5297009803921569 0.47427155972635493 0.037343137254902015 0.03707413341471477
3 0.5980490196078431 0.5408839042750693 0.04413725490196074 0.06938256911065328
3 0.6529656862745098 0.47697016861219194 0.04122549019607846 0.06851341522341754
3 0.7240588235294118 0.5484165712977799 0.03390196078431362 0.06491309987029832