9 0.19667156862745097 0.7704121461814297 0.05265686274509801 0.07270293227537436
9 0.286031862745098 0.7572478828107118 0.04265196078431377 0.07241646957096713
9 0.35934068627450977 0.7695495028102032 0.04221323529411769 0.07749141680018311
9 0.4431544117647059 0.629430177258971 0.04071813725490192 0.07069443808651876
9 0.5138112745098039 0.7664602629638108 0.05458333333333343 0.07130968184939354
9 0.5941789215686274 0.7825835558607359 0.048651960784313664 0.08077271686884885
9 0.6605710784313725 0.7754219882505531 0.046629901960784315 0.07621210040436419
9 0.739578431372549 0.7621144935276315 0.05758823529411772 0.07563917499554942
11 0.1779779411764706 0.8655926349787645 0.054485294117647076 0.09053849088273452
11 0.7470343137254902 0.8556380560006103 0.06024509803921574 0.08689911243355967
8 0.6866544117647059 0.8659604791332877 0.04733088235294125 0.11079921670354255
8 0.2800441176470588 0.8706057323058924 0.060088235294117665 0.10707520154624767
6 0.3590220588235294 0.869427328908217 0.05137990196078435 0.09494936547900606
6 0.598375 0.8729853259072761 0.05213970588235295 0.09881010147249564
7 0.4299338235294118 0.8755309376668956 0.05594607843137256 0.11692235701024897
10 0.5076666666666667 0.847841713079525 0.05699999999999994 0.1136280359095648
3 0.2623872549019608 0.4383790849673203 0.041928921568627486 0.056433152768240936
3 0.3186544117647059 0.44203799496452284 0.03926715686274507 0.06700623076727454
3 0.38290441176470585 0.44210635538262 0.04031617647058827 0.06388443834083568
3 0.44665931372549017 0.442702067597467 0.033026960784313775 0.06507911802853443
3 0.5011446078431373 0.4448765799445589 0.03170098039215685 0.0564071107042039
3 0.5566715686274509 0.45026403194221915 0.03491176470588231 0.07695104397141476
3 0.6087843137254902 0.4448082195264617 0.03374509803921577 0.06277765061926194
3 0.6704093137254902 0.44554065257750314 0.03935049019607839 0.06750102998397803
5 0.27369607843137256 0.3695987385875233 0.04984313725490197 0.06210381221230388
5 0.6545980392156863 0.3881667302459246 0.034686274509803994 0.073197731492078
2 0.32747303921568627 0.38443294931461564 0.0373014705882353 0.062471656366826896
2 0.606 0.38269464154014393 0.03552941176470581 0.0687608148317693
0 0.5541470588235294 0.3879583937336283 0.029862745098039323 0.06952254520485236
0 0.3845882352941176 0.3791757076371404 0.04123529411764704 0.07475048956028588
1 0.44137745098039216 0.3709073523053839 0.039617647058823535 0.09076635894305847
4 0.5069240196078432 0.37427654434017443 0.04571078431372544 0.08447720047811608