11 0.23066468623521555 0.8065031362685627 0.0666365887912353 0.1013575841265145
9 0.24896390078632208 0.6815826806572114 0.07663141300756929 0.07603583234941161
9 0.625305934454239 0.7081831860110025 0.06883470237497483 0.09000698753634691
9 0.7181947593080134 0.7006433028051682 0.066125202038063 0.09088683614294957
9 0.7829229433449325 0.6080703418438934 0.05637420490945592 0.08491885735504417
9 0.9030630265614745 0.6796414289540839 0.06644464178902457 0.0811399296217968
7 0.8391513251630349 0.8136259442022112 0.08972259348035207 0.13720454528312256
10 0.24554834694807184 0.578471860419465 0.06462412581153595 0.12292984207935775
6 0.8144160180928306 0.3117217502299041 0.056250940806813435 0.10297169612629781
3 0.30531506236874617 0.2446149380105152 0.04204138589451958 0.07536219439198466
5 0.4434645954217803 0.165097982742932 0.060670080902545845 0.1007198164248685
5 0.5997077414087434 0.24891877457991135 0.04369441395499803 0.09439400151045282
1 0.5245896621128968 0.16181009875963015 0.050311872546836514 0.1279129855423947
4 0.5318867218823995 0.4029800378483494 0.04626148156880216 0.13177343208329356
3 0.5973969073950369 0.34130577462922823 0.04118040001571785 0.07437963654367405
3 0.6657781200745718 0.26131517850322056 0.04337353981747058 0.08475629008816134
3 0.7558668360686513 0.3234766731745714 0.05989812013278546 0.0885846291606351
3 0.8373725367947223 0.41499065704695837 0.05439717314076217 0.08811559276568551