11 0.09820909211478096 0.8821509932413332 0.07651109404896832 0.15951688010576298
11 0.9228007796969103 0.834451049492172 0.0745721647629473 0.14232806745532053
8 0.7867251591331571 0.8449238797659738 0.0768757777075219 0.16671706056530672
6 0.6677415317646198 0.8445094167330539 0.08185291773394668 0.15747753193020322
6 0.33128994186684213 0.869694588212451 0.07852956331667979 0.15499835587649935
8 0.19723618579383057 0.8748043984158393 0.06924557370021245 0.17018531938769377
7 0.5671121313985722 0.8449220523275567 0.08016716197063425 0.20164964236459113
10 0.45566901909167756 0.8271774791058116 0.05243626493923225 0.17522780675980873
9 0.9034940549902825 0.73130231142406 0.05232914106449134 0.09875235982262429
9 0.7703553941104063 0.7218831090438214 0.07060414007875819 0.08246579006730097
9 0.655727342370534 0.7386550464426341 0.06212637828777789 0.07610169923219022
9 0.536139658943538 0.7516681623107958 0.04318252033656881 0.10437282941718991
9 0.3285542730272615 0.7617767475593703 0.0575492138868636 0.07000726520985524
9 0.43033285544995675 0.7550365698980916 0.034736398353718285 0.05528425176390642
9 0.21999821980197878 0.779152543708615 0.04456123782261254 0.09796407598717392
9 0.09222817734018404 0.7677391674304789 0.054609060858082335 0.09092310196249737
3 0.16362074326421727 0.41043877367460746 0.04913794340960393 0.10086831421661427
3 0.268246523014895 0.41124394304102885 0.060389896057139604 0.09253417167070703
3 0.354810064943677 0.4071503347924287 0.05078396588718487 0.09575009779650905
3 0.4435751979531164 0.40103755328838975 0.05407687341252174 0.09543614387651086
3 0.5290186466279686 0.39205196549567833 0.059065116735883154 0.10239451768474975
3 0.6335464787823653 0.3855168995222961 0.050604257649826255 0.09195604325318295
3 0.7311798792889244 0.3784252689047076 0.058479688522697845 0.09692104723642772
3 0.8250389479970263 0.36683251127158306 0.05652866490166665 0.1055361767132949
5 0.8088806594876626 0.2821395123594799 0.053231169237099994 0.10946772772309739
5 0.18444399480679988 0.3208285034707053 0.046085564495258115 0.09056967537269754
2 0.7210077176803229 0.28649546766718925 0.05543791738625187 0.08674769757036352
2 0.26051914221869515 0.3178010227944389 0.05751250877302414 0.10249999743016473
0 0.629763869980737 0.2902599908057005 0.049744036601880745 0.10516169803293383
0 0.3557030086006104 0.3202533720521848 0.06286371061458838 0.09015367729150786
4 0.43154309646347666 0.2941934423514564 0.0623174834629841 0.137881763592287
1 0.5311313195703494 0.27816132512128194 0.07359129400581116 0.13834922233929248