7 0.7672230392156862 0.6672497647567459 0.08043137254901955 0.1398165865568017
9 0.7368406862745098 0.577818061595585 0.047210784313725496 0.0944220136822563
9 0.8704142156862745 0.6782753236184228 0.05210294117647063 0.08049276468045069
9 0.16927450980392156 0.6644339665827421 0.059139705882352955 0.0853626306553751
9 0.2753088235294118 0.6546909793748887 0.07267647058823523 0.09842598102794933
9 0.38132598039215687 0.45899137865262835 0.061671568627450934 0.08138145011571425
9 0.5668774509803922 0.6963094529640651 0.06267647058823522 0.0840084433254496
9 0.6679926470588234 0.701612268253605 0.05412254901960778 0.10437659266041044
11 0.13738970588235294 0.793976958876936 0.07379656862745099 0.1003042648966202
11 0.46002696078431377 0.8025675847511508 0.08182107843137254 0.11097174537778788
6 0.3695588235294118 0.8076425319803667 0.0675514705882353 0.11135912108033885
8 0.3738063725490196 0.5575052516467027 0.058884803921568585 0.09611149258665856
3 0.24672303921568628 0.19391897459372856 0.04736764705882357 0.08510221001500468
3 0.3148725490196079 0.28225040054932476 0.05376470588235294 0.08272261641362123
3 0.40593872549019605 0.21232094809389385 0.04962254901960783 0.08609180844841176
3 0.49363235294117647 0.2131249968210371 0.036286764705882435 0.08118938989344118
3 0.562843137254902 0.29458457312886244 0.042350490196078505 0.06507260751252514
3 0.629610294117647 0.21504234378576334 0.03863235294117651 0.07200305180437934
3 0.7183333333333334 0.2827972838941024 0.039416666666666655 0.07730586709391926
3 0.803921568627451 0.39499951679763995 0.05882352941176472 0.07709753058162307
0 0.5587549019607843 0.3738891686376236 0.04802941176470599 0.10649576562142368
2 0.6325245098039215 0.29492963047735304 0.05181617647058823 0.08854627298390169
5 0.2590955882352941 0.10782391088731212 0.062308823529411805 0.08543750158948143
5 0.765968137254902 0.14732646677347983 0.05889460784313716 0.10584796927850258
1 0.4866813725490196 0.10780112408127972 0.04934558823529411 0.11794450802370232
4 0.5658333333333333 0.12211123826962691 0.04343382352941183 0.13028519111924924