11 0.14612990196078432 0.8133848071005314 0.06922058823529414 0.0935430940210065
9 0.17630147058823528 0.6963224739960835 0.06338480392156864 0.07752071412222468
9 0.5382205882352942 0.73154111034816 0.05683333333333329 0.0861048294804302
9 0.6280588235294118 0.7418537677068233 0.055137254901960864 0.0904538541746142
9 0.6959828431372549 0.6323436331731136 0.05127941176470596 0.0797733526614278
9 0.812063725490196 0.7247246000864679 0.06285539215686264 0.0854960962335648
10 0.6157279411764706 0.3620790925968312 0.047632352941176404 0.11217293558149585
6 0.7449509803921569 0.3651715877012283 0.051178921568627356 0.09556460924188098
3 0.25981372549019605 0.2834548460110374 0.04168627450980389 0.07211047531853208
3 0.5273088235294118 0.38858340327051705 0.03745833333333337 0.07403107754126297
3 0.6032009803921569 0.3020749217975128 0.03238480392156862 0.054011240812797255
3 0.6890294117647058 0.3760571704687063 0.03982352941176481 0.07827918923730322
3 0.7613872549019608 0.4685325398641947 0.047286764705882334 0.08092896925307091
4 0.46456617647058823 0.4306055288522672 0.0467794117647059 0.12227074591185375
5 0.27390931372549016 0.20721344828463162 0.05272058823529413 0.07913857735052521
5 0.5414901960784314 0.23896523486177873 0.05111519607843129 0.0970652831820147
1 0.6635563725490196 0.2107649347676814 0.045605392156862656 0.14483293914193432