9 0.7967188123028086 0.13426806427633914 0.07411208451352433 0.1040556835714238
9 0.7826468975217596 0.25145084714143895 0.061487856127424426 0.09938901500117549
9 0.7887843963119964 0.3732496176180292 0.0632696875262116 0.10334834307491263
9 0.7849165398834757 0.49771315879392874 0.06269394946308043 0.09838343655505023
9 0.7962958042183639 0.6155011892626572 0.0684991752102837 0.08847689289783187
9 0.7972427410977553 0.7462957080895559 0.07106365139891634 0.0934935768395023
9 0.7804690913548704 0.8758381879425233 0.07693869027264313 0.10757667008359582
11 0.9029440540941616 0.11487224206706127 0.08441519161574895 0.11898427165633495
8 0.9139173231648697 0.24499596916578384 0.07660036088582642 0.10999217818285997
6 0.8950121156985335 0.35414996226149303 0.06576958106704345 0.0954846319091687
7 0.92150867480918 0.45646909202009034 0.05676225624614231 0.14747086901359258
10 0.8841201668075368 0.5826533492092045 0.07103804958201329 0.13352410267538903
6 0.8999094955125848 0.7409609280341425 0.10152050876728885 0.1207127847401281
8 0.8983018665840802 0.881796855473416 0.07969080300322383 0.11803546563035656
3 0.3415531940976456 0.13744025370936686 0.06430080758419414 0.08493775383072019
3 0.3367219936038472 0.23694110794164758 0.05505926743188217 0.08876587182613443
3 0.3158882260461495 0.35605634601785 0.07340899805792675 0.08882020766172584
3 0.3030514750509176 0.4805164759753714 0.06122545126858475 0.09554384091387162
3 0.2895501779696194 0.5957914131333811 0.07970566857432891 0.09851330651186728
3 0.27480644948996374 0.7129841859951592 0.07585884417603836 0.09423551683670402
3 0.2631730940045207 0.8385274996169041 0.07379054771628954 0.10703075331389807
3 0.23961281123176484 0.9608392796466192 0.06066688603707362 0.059293238192320935
5 0.23657324670352955 0.13183062691607395 0.056392599044663295 0.1156244652125206
2 0.23305412556159896 0.2346117331064264 0.07404139046426947 0.10116321404538713
0 0.2137475476754264 0.34689649369771686 0.051996244034522854 0.10217939163432957
1 0.19375594224966505 0.4535130276371507 0.05873877156873508 0.12608630648997618
4 0.16892157421924572 0.5875340717326686 0.06080717814382532 0.12512970339341978
0 0.1791069680213865 0.7107337564995417 0.06902541642740244 0.10631001160233042
2 0.13871990915484328 0.8393962638402287 0.07475372660855491 0.10645035887273718
5 0.14362180541844904 0.9514586670549975 0.06607436656794999 0.08771418863162005