9 0.24405974176236725 0.62859259028409 0.050754350166638755 0.09137001197535673
3 0.5563224632565629 0.3695513506182458 0.0399137321514036 0.07856125813386433
3 0.6213135304326671 0.2998274094273471 0.04372953123201217 0.07675013634592912
3 0.7081852574448043 0.3525814563765167 0.036047219850977454 0.07896415645875715
3 0.7889263567322723 0.4339887841405879 0.04803776383268479 0.08568503830671328
9 0.5911895627568998 0.7233876812535169 0.05921778600292092 0.0829599711437187
9 0.6790121070340177 0.7098430137500178 0.04991285547858967 0.08564957970826277
9 0.855857093353201 0.6787576424418185 0.0662721135069736 0.08856553232624913
9 0.7338862019605672 0.6195935673577746 0.041443877517773446 0.08078104026894052
7 0.760167160392461 0.6866894354268566 0.07281634312748031 0.13005238800155802
1 0.48924974444857156 0.4151717924079124 0.05307522139463974 0.13265401491869744