11 0.12099754233454561 0.811666409492781 0.07208175949404297 0.09934086809035525
9 0.15413664424930512 0.6912770813524187 0.06582128021988658 0.08274438914539664
9 0.5191915566767821 0.7016794456008704 0.05939225106297865 0.09096259899814484
9 0.6097727669562213 0.7058484905073139 0.05777583125970962 0.09523919474687619
9 0.6809039557646026 0.5904633953615425 0.053635237482803584 0.08417824605887214
9 0.7961620324309753 0.6757350343739263 0.06546597471791889 0.09076655140479566
10 0.6058723897968387 0.32294999728739604 0.05067922784484336 0.11666374162305078
6 0.7364289009757683 0.3170824336530398 0.053889769094724156 0.10012807982860161
3 0.2478664375464638 0.2682690438594738 0.043765122255988026 0.0757674485628434
3 0.5158954374539843 0.3558851888971695 0.03953458259761822 0.07741397057633803
3 0.594562571537335 0.26318842393906255 0.0339544876661499 0.056831166200765074
3 0.6796546054522865 0.33197366889671265 0.04202126229746765 0.08187121470402635
3 0.7507127327315702 0.4203833364266536 0.04962529555860951 0.08506813547029417
4 0.45152382570519334 0.4027141023993695 0.050044743247011865 0.12680807156705692
5 0.26383442839312604 0.19024736472910606 0.05507774845670055 0.0836371049949032
5 0.5336048840742104 0.2037114193009858 0.053859193734895776 0.10164005364293185
1 0.6576325098340312 0.1667209956493641 0.04936678144183698 0.14952512908663296