6 0.30828400511918364 0.27007424904772864 0.04741374446598836 0.1004060214418473
1 0.4645928693823451 0.21392694546938482 0.03865591124465497 0.12822163935543798
4 0.5095457714658299 0.42209620786264185 0.04682536592604006 0.11791669398262948
3 0.5728273462568466 0.37456649159832933 0.03380554121670502 0.07416587540323007
3 0.6452380657247253 0.3083372151352211 0.039161579299550615 0.0787891550419965
3 0.7245629909272884 0.3684030075017114 0.03888629163081951 0.07444243982203436
3 0.8027575455882711 0.4564232332442369 0.04443916204042557 0.07373374652869503
9 0.21508152428402053 0.6792891918735721 0.05715060758204183 0.07130759061845807
9 0.5871325711627879 0.7237813048982208 0.05559506971820246 0.08983958816806954
9 0.6754141342544441 0.7196539505888793 0.05214829424748157 0.0915286187022979
9 0.7454047365289709 0.6288770005273827 0.05197492912612895 0.08284260532741754
9 0.8582551487887594 0.7041275368576133 0.047773258400354845 0.09374901165449516
11 0.38088874450165716 0.8038961512423793 0.07148623941172194 0.10486079311921798
7 0.7781672015557296 0.8151050817159159 0.09760903761344468 0.1368758756967465