11 0.21777424400015408 0.793975161694404 0.07581465130911563 0.11009539889353753
10 0.4260891200225997 0.5982493105678217 0.0655994041886564 0.12297086631842374
9 0.23256039138641704 0.6725809549509117 0.0792534278413395 0.08072939623674089
9 0.6090101056794688 0.7331454358671375 0.06442158788859348 0.08054346059636866
9 0.7000877178114205 0.741806943840842 0.061996265906493694 0.09168869157011379
9 0.7577959500237553 0.6535758407588251 0.06367423501162094 0.09652924758488066
9 0.8827564081821333 0.7363355737157 0.07855784891559792 0.08282721370551223
7 0.818215658024834 0.8534284644641572 0.08612900856478795 0.15358528706378477
7 0.7887646622237632 0.36668497678853285 0.06414529578694618 0.10874447502696095
3 0.27732267036480607 0.2416489426307971 0.052248134879361016 0.0782545688669982
5 0.41581240160766336 0.17730689716226442 0.056877547928143174 0.10365292650064996
5 0.5656930595682936 0.2118830001922059 0.04830131617807572 0.09941373448505388
1 0.49149917947532645 0.1795449844199595 0.06427514156939786 0.12756893763154983
4 0.5110945516648048 0.4158300134733501 0.05251111367926345 0.12379515432808877
3 0.5702471949356035 0.3668717850247927 0.05264046637646556 0.06992382321222466
3 0.6422808685491224 0.2954518234470378 0.05716715333153544 0.08378774786750856
3 0.7303393196964444 0.3735784358226366 0.05330300859046954 0.08091307767107038
3 0.8143689356292615 0.4719650764704936 0.05470189144420051 0.09012689036404553