11 0.19653477761623467 0.8110046599692301 0.065230871328714 0.09791218293304389
9 0.21126592764323124 0.6944022418909863 0.07444406663726871 0.07814316655497844
9 0.584048391336049 0.7219155945062841 0.06004742673436925 0.07477245173948645
9 0.6744601982468932 0.7244640412637905 0.0674915576978214 0.08982417053224613
9 0.7367696153381564 0.6148993723208077 0.05111457017157029 0.0784155973105817
9 0.853012432999623 0.7006046769884163 0.052924766017146664 0.08156524836891421
6 0.7734418501491 0.3292791558483629 0.05316816465174334 0.10384926725634282
10 0.40249098632995833 0.5952909180400473 0.06219570935625787 0.10937628202338784
11 0.49226095182376367 0.8156405872779651 0.05803857766367886 0.08537801643318473
3 0.2592035178563372 0.24674768804992037 0.04453783325547243 0.07914815259634461
3 0.4831692695485379 0.3287132771893587 0.043120174990503836 0.08053691819283318
3 0.5647226217140161 0.3501489608142907 0.039838074988029895 0.08338250137555636
3 0.6249127605974475 0.2665439103707765 0.04121763818122822 0.0675255213334532
3 0.7108595642992594 0.3358822287784769 0.035731649791958725 0.08242625828355696
3 0.7957555215005173 0.43477630116997235 0.060017118332525515 0.08355591141126768
2 0.6282902566207215 0.34194479710905906 0.05657643478678493 0.08818926418128517
4 0.5581066906507277 0.2485827400309633 0.05679777739938838 0.1080437849509779
5 0.5510704098101795 0.17584293611906468 0.03850461707729195 0.07608576354741728
5 0.2721178775852358 0.15346794194523494 0.054891384511943295 0.08273329678076288
1 0.6809348142908911 0.16652827979542165 0.045920563276153015 0.13935401280500362
7 0.7747155295340136 0.7013118582147067 0.07108866389278214 0.12651137200750007