11 0.8140735294117647 0.8345514350544944 0.07119934640522874 0.10896621709066971
11 0.09140718954248371 0.8872665044689154 0.07873001089324608 0.10364517235630359
8 0.6910000181554103 0.8521267176996177 0.062153921568627535 0.12357248741837125
8 0.32737078794480756 0.651478112063387 0.0778293028322441 0.10466283834761737
6 0.586718663761801 0.8578167640135749 0.06692452795933201 0.11266896456233445
6 0.2209877995642702 0.7559849873830494 0.0706943536673928 0.11849920398769094
7 0.4958560820624546 0.8766307084989927 0.06460584604212083 0.13510557717250332
9 0.791867792302106 0.708280049394019 0.05949244734931014 0.08573828742910909
9 0.6815384894698622 0.7106970422929223 0.055026488743645796 0.10019669670433376
9 0.5894370007262164 0.7225728745454082 0.064333424110385 0.07974579147698856
9 0.5002789215686275 0.5578250626608908 0.04424963689179373 0.07946207765711846
9 0.39398549382716047 0.7596559780044024 0.054642211328976065 0.09329200512024934
9 0.29924936456063916 0.7728099692276391 0.05041201888162683 0.11063312620623991
9 0.24136492374727664 0.6598786308701317 0.06291285403050118 0.08666552958696087
9 0.11442260348583877 0.7571100045494491 0.07267746913580236 0.0982582990711777
10 0.503307498184459 0.7182898954191851 0.0541487109658676 0.12760430530477077
5 0.7090399600580973 0.21520373224372613 0.04891109295570084 0.0930903238020962
5 0.2366576071169208 0.2770153669653479 0.04751149237472774 0.07492916705520651
0 0.5800129992737835 0.23921371955613202 0.03381686637617998 0.08425179194606217
0 0.3672446623093681 0.26234457019008783 0.042108278867102444 0.09217060490718836
2 0.29714796659404497 0.26940370568172506 0.04490404865649955 0.09573069973918376
2 0.5788366376180102 0.3756059917092647 0.06244291938997826 0.10732195010299839
1 0.498732788671024 0.23023000319309161 0.053006463326071174 0.11735581269833198
4 0.4218889615105301 0.24372774966161706 0.04463892519970947 0.12655589521008004
3 0.7187608569353667 0.290330529629347 0.04025599128540325 0.06799083780507444
3 0.6506407044299202 0.3739194063675333 0.048083079157588804 0.07848217265865855
3 0.5694875453885258 0.3071989149139985 0.03912941176470586 0.06360492018683826
3 0.4905767792302107 0.3214505791363959 0.035040994916484935 0.08082335421558746
3 0.42310230573710966 0.40332552636561186 0.03883540305010902 0.07479996948195614
3 0.36013763616557737 0.33838443127647366 0.037840196078431365 0.07454613169666183
3 0.2793435003631082 0.40192431864228617 0.04744952795933188 0.08653445119797452
3 0.21925508351488737 0.350785879188107 0.047183442265795295 0.07504635634337324