11 0.16883407897764785 0.7774007521051234 0.09965642120838686 0.12807170868347317
9 0.18627486251712488 0.6520517804675386 0.07276834700096993 0.09820515166311178
9 0.3905531360290085 0.47430503259407736 0.058369499770951565 0.09555653551940667
9 0.2970351495912613 0.6520228338430174 0.06431303038710284 0.09091060228372695
9 0.583947829415851 0.723972081309588 0.06261796987743216 0.08875671026820511
9 0.6790269761079819 0.7371528829268712 0.06640604774102236 0.08222442200121625
9 0.7449513242875301 0.6261899450911863 0.05538030871008027 0.09363246215917567
9 0.871840866125983 0.7329668062943832 0.06244585959863824 0.09512694129639629
8 0.28434353061615125 0.8082567573818518 0.08060833908642974 0.09877772466784884
6 0.3883812760905612 0.8087150789367734 0.06679893927956186 0.1128517050857038
11 0.48057529071955646 0.807879135507414 0.07335069198459229 0.11183769605701609
10 0.47440673940301137 0.668181190519021 0.07307380695834331 0.11884146343552705
7 0.6981284641705755 0.8258951198828155 0.0729508631795374 0.12572111119677232
3 0.25248209700903507 0.21053900410317028 0.04154646329739525 0.08292001816016926
3 0.3255067374673901 0.30658587789856007 0.047974556473900316 0.08883806782651896
3 0.40351679495534093 0.2316700400037691 0.04812381781932914 0.0793501537618105
3 0.4919516920555652 0.2498906243843103 0.043688702208973855 0.0866254053915144
3 0.5667909782844804 0.33764319379127794 0.050825332550482126 0.06257119899947741
3 0.6290645073736415 0.2658702575831556 0.04449793985379621 0.06814737148682107
3 0.7197534104570863 0.3436748370296131 0.04374508126383179 0.09613152074285367
3 0.8105320575438687 0.4643030966515046 0.048899855688683075 0.08563376420904753
5 0.2574950979316812 0.1210549002475608 0.05344690354369233 0.10745557183117893
0 0.31954421195482696 0.20152607783174434 0.046012466261046506 0.1026160032208602
1 0.48267078566866034 0.14864322634252475 0.05309618618095487 0.12929974729953142
4 0.561251901317728 0.16944839342464815 0.043491210343959835 0.13319197183460538
5 0.762037866773341 0.21471981771301793 0.06038631730854009 0.09654839599448346
0 0.5618512591216152 0.40976151586016674 0.04473991831678365 0.09891544042693538
2 0.6379380420545974 0.35059483463110014 0.05299779812330774 0.10887198279923586