11 0.8577852941176469 0.8480541729186271 0.06980179738562109 0.08407513994501083
11 0.5582011437908496 0.3834685972155111 0.054944117647058865 0.0920259991127161
6 0.2900107843137255 0.3778609450986044 0.055348366013071915 0.10315116886933473
9 0.8317751633986927 0.7299717866336619 0.06293856209150306 0.07352644021147903
10 0.6479094771241829 0.6327755697407945 0.060092647058823445 0.10117841017946297
9 0.4876101307189542 0.7344246902277268 0.06645866013071888 0.07359132835437125
9 0.4052570261437908 0.7345749384694072 0.06011274509803921 0.0785657242807774
9 0.34190751633986927 0.6385758607925084 0.062492483660130604 0.08540986806597546
9 0.23646519607843147 0.718229636976566 0.05603758169934647 0.08172838827994089
3 0.7543300653594771 0.3162004266874641 0.03900392156862731 0.06895200698524105
3 0.4832748366013072 0.39754512855725954 0.04123676470588222 0.07218708239024099
3 0.42134705882352946 0.3304063726196632 0.03791225490196082 0.061733074495109945
3 0.3490184640522876 0.39101804690171205 0.043223202614379064 0.08986957153231669
3 0.2833995098039216 0.4811076738751417 0.050321241830065366 0.06935753979355119
2 0.42087369281045756 0.3946470085252721 0.05625359477124181 0.08481292608699342
4 0.48391633986928106 0.30813158250185785 0.03929362745098053 0.09154458262336496
5 0.7435459150326797 0.24138541067961988 0.056052450980392354 0.07973305980123714
5 0.48878300653594764 0.24965036607523824 0.036891993464052364 0.06198249959733137
1 0.36504705882352934 0.2321385247916719 0.04943627450980381 0.1256419634405138