9 0.8201110021786493 0.1125057658138647 0.06248441631796758 0.10664705901489076
9 0.8081792342451385 0.2333847957647901 0.05057297322221057 0.0966531821961205
9 0.8145769841269842 0.3529091708981451 0.06195886618021702 0.09446128922070944
9 0.8149164384272228 0.47631057032386953 0.07335189680810572 0.09328093552748276
9 0.8269196015031526 0.5899279597146035 0.06317265737570751 0.09240070995069566
9 0.8296871546149324 0.712296534349845 0.06955460109969906 0.08915803789529296
9 0.8124997008680015 0.8429362313099737 0.06730197461700711 0.10196765189069806
9 0.7961603468547913 0.965202752159274 0.06116255144032928 0.0552578929390523
11 0.9211125808348031 0.9563948665397941 0.08506760728982954 0.07063875469672591
11 0.9232439320584199 0.10937077050700238 0.06868732809996417 0.13222288318440636
8 0.9327995567774435 0.8443958685079459 0.0763665571578425 0.11394984992484296
8 0.928637354612627 0.2395997722799655 0.07984365367546199 0.11503519039978262
6 0.9185406502518703 0.33653733278603976 0.05907015711634466 0.08358436998573408
7 0.9462088777074615 0.43567700037219786 0.06860848174660794 0.14352676179240542
10 0.9134341362059227 0.5596919564117063 0.05599345252504293 0.12615810544585768
6 0.935499071480444 0.7135976692184705 0.07319614067849338 0.11370711184976602
3 0.37341334105658724 0.12181583649318801 0.06750016945049629 0.10991260870522024
3 0.3671432023838343 0.21647293279484242 0.061775407776279184 0.09065490636209583
3 0.35090690309045425 0.33434433756911724 0.061906929026754765 0.11104424332364093
3 0.34265509273668315 0.4551210060250128 0.05519643116505858 0.10427807256997366
3 0.3368420231467072 0.564993689093263 0.06510062131848628 0.09575487985854562
3 0.3209741530356998 0.6852200695981314 0.06408637133865899 0.10101379658094635
3 0.3107303425897108 0.793892534131693 0.0826582563889754 0.09010008697374439
3 0.29262105969960006 0.9333306412615306 0.06541746377563377 0.1004914075872873
5 0.1929858093854826 0.9100036592121843 0.0797454599946974 0.1313896130960069
5 0.2716914381390416 0.09895265317760345 0.0723223386473932 0.10853870140258319
2 0.2741978668833789 0.20761546697437575 0.06541182003665655 0.09760569032180287
2 0.19387377609480008 0.7932227142123136 0.06276213991769543 0.10279563121984257
0 0.22551408917476454 0.6684779273266913 0.06194289403003995 0.10202070644878256
0 0.25844637583428437 0.3077280953898175 0.05471477677490754 0.09232411641277802
1 0.23636172436052616 0.40735720719557034 0.058026342059457524 0.12244624592041463
4 0.2190650476651567 0.5481502140855367 0.06912300261668446 0.1325444927631913