11 0.1283264941558766 0.8268977785472786 0.08069057142298594 0.12049533538212945
11 0.8412384250299212 0.8088598171473641 0.08067639173981314 0.11471521447431059
8 0.7508001277214109 0.8260310128073798 0.08826107646559232 0.13662505783279733
8 0.25030035123388006 0.835730170684904 0.07489897714264614 0.11998450994820296
6 0.35164187958998816 0.8235096355932611 0.0671295672894171 0.11841977617144472
6 0.6410706772927405 0.8247770342475964 0.0707719664535804 0.10643563173613821
7 0.44130474285205384 0.8371503614249232 0.062271719047650116 0.14099619193274557
10 0.535915314622581 0.7980445752595862 0.06008476704961364 0.13177437081283352
9 0.15920005734430692 0.7032501983869338 0.06519345666703594 0.08473410764354773
9 0.26306818281538824 0.693937883968893 0.05528458285274891 0.09576887272937139
9 0.36115494562065437 0.7024608752110115 0.06412375248980719 0.0896903086179286
9 0.45568260794957177 0.5294559109687534 0.05478640331728127 0.08467045453452411
9 0.5420252010851976 0.7061633438658759 0.05808698870708141 0.06809577592135695
9 0.6402381352674005 0.7177558431564924 0.055264564476505094 0.09083544897969009
9 0.7294295101623234 0.7083153606794693 0.055926505450967265 0.09737485175085489
9 0.8204185908505421 0.6836270652680989 0.06199958034393543 0.0937875004208209
3 0.24331916494525146 0.2984245509241224 0.04222876468633322 0.0760643572022873
5 0.2624121917471985 0.21988141607391054 0.052861803261240244 0.08081913363824804
5 0.7205183855839887 0.2396008291371491 0.04471960675707086 0.08521809288836944
2 0.6625934345112809 0.23762475099433936 0.04153662932770313 0.09865973346414854
2 0.32498374158570037 0.23060690338436085 0.045920709331699956 0.08482878702621591
0 0.39314447767807686 0.2200388867246678 0.04957973486946563 0.09715557479307639
0 0.5952263158237705 0.24020867323628003 0.039266489855053585 0.09044355759473281
1 0.46536355030768267 0.21527315259682483 0.05425536028081327 0.12152966762373332
4 0.5362743108365536 0.2271394710643639 0.04401768463672164 0.1251645433253017
3 0.3156491171366076 0.30526535178211583 0.04200450326580166 0.07028054269046351
3 0.3919660625965241 0.3061803806143502 0.039755661121211615 0.07619178654046863
3 0.4626154721022119 0.30885898223895886 0.04617082782154625 0.07885573686918963
3 0.5337076769690927 0.37654095139159416 0.040709091896424104 0.08476168655345387
3 0.5951725998475162 0.3150149889143787 0.044114328908698604 0.08744693666527195
3 0.6630051457826954 0.3062799848023585 0.044289767733835514 0.07671049166293936
3 0.734208397031129 0.30649002775012385 0.04932116417631648 0.08438826318852291