9 0.7016477143539218 0.7626995034507177 0.07920150548318484 0.08756872910224227
9 0.3465724268604009 0.7956879831647236 0.06688284716979913 0.08527865637590432
9 0.25633538208087886 0.7979457467798534 0.061594833181709635 0.09824082326100696
9 0.19558695047175395 0.707164454038496 0.05711479051201487 0.0912700959690705
9 0.07866449877088051 0.7796747250990101 0.06792602485767812 0.0921216822712774
6 0.3552143339204718 0.6827946124831177 0.06611633427748641 0.10576511819814575
3 0.6498531465673908 0.3708176884617252 0.04211823720823197 0.07915936919110148
3 0.38133556488955134 0.4609808684330001 0.04800147967490161 0.07098531025050181
3 0.31670220897397017 0.38800781686782765 0.04106112992965105 0.08050904210817873
3 0.23370926710927867 0.4433724759220712 0.046556436048149685 0.08111502068717388
3 0.15018964356610248 0.53375772620975 0.04935865125912153 0.07602275389258663
4 0.4395204562904464 0.5038055719739476 0.04737349188221951 0.11084408124105918
5 0.5110937214899123 0.3693434573421622 0.0420865239898744 0.08111136581034055
1 0.587227083212357 0.2889917942304343 0.05175338464880306 0.11745348740923484