11 0.8620092149908846 0.7527358485358125 0.08408102825935314 0.09712530611972967
9 0.8364758714776175 0.6318836911591004 0.06235604218507272 0.0758100644267219
9 0.46298113199431346 0.6887148329940198 0.07035700454727614 0.08067543646748557
9 0.37273795746078037 0.6937417505908242 0.06034619861911339 0.09121354284153332
9 0.3149580886385485 0.6084556869978708 0.06029477475462411 0.08292099279399155
9 0.19178370995504346 0.6829409804016746 0.059645351175459736 0.09130394012854887
6 0.2546850616638744 0.3198770895378199 0.07157807356937881 0.09968128331862812
10 0.8319747784251356 0.5323337397480229 0.07037144800957211 0.1202467879438557
7 0.2701721604615668 0.7939956312800351 0.08972410916617014 0.1315190372445275
3 0.7549148695140371 0.21296451057487215 0.05571806916763261 0.08577472062559308
3 0.47449422317426115 0.3258233304874787 0.04829987389786089 0.06953963590193132
3 0.3972780422409906 0.26096120595706856 0.03901401232058777 0.08650094465241073
3 0.31865882668375745 0.33672643722796625 0.053402453650832585 0.09268913844844759
3 0.23803529168019813 0.4289300862036965 0.05233466518412425 0.08143869657954926
4 0.5394116950235178 0.37662319457174653 0.04605319058485159 0.12789303393800608
5 0.6134260338188875 0.14875685265611513 0.04344406262523281 0.09759142474522942
1 0.5382694869384995 0.14884335140784138 0.055715114405968484 0.13698673298745254
5 0.46263867328218994 0.17635750786893079 0.05365505824427687 0.10223360564069323