11 0.9013823529411764 0.8835030645202309 0.07482107843137253 0.15565341674931976
11 0.08551960784313725 0.8603777116553495 0.07299754901960784 0.13869677780320938
8 0.22016911764705882 0.8667677831184355 0.07514215686274506 0.1627694107474379
6 0.3378529411764706 0.8628842603189134 0.08011764705882352 0.1534789044022279
6 0.6707745098039216 0.8779821469443808 0.07684313725490188 0.15112209760687664
8 0.8033946078431372 0.8791247425040054 0.06757352941176475 0.16642506548663558
7 0.4373872549019608 0.8603549248493171 0.07820588235294113 0.19724910353246372
10 0.547517156862745 0.8395440604257267 0.05091421568627452 0.17190691996643004
9 0.10404656862745097 0.7577524478014294 0.05123039215686273 0.09621566084280654
9 0.2356813725490196 0.7445458660766512 0.06940196078431371 0.07956176089112683
9 0.3491519607843137 0.7577947661554894 0.06104901960784315 0.07351023626052228
9 0.46750735294117646 0.7671796749828336 0.042149509803921625 0.10204582792909637
9 0.6728848039215686 0.7711217924264387 0.056553921568627485 0.06761170875613524
9 0.5721789215686274 0.7674238193331806 0.034063725490196095 0.05370524656036214
9 0.7803529411764706 0.7851454439103785 0.04354901960784319 0.09566226698201989
9 0.9066666666666666 0.7701224282190179 0.053529411764705825 0.08839978637369332
3 0.8340808823529412 0.4186717530072989 0.04806127450980391 0.09840319422191698
3 0.7306004901960784 0.42252272322677453 0.05924019607843145 0.0898255893797207
3 0.6449583333333333 0.4209992624806083 0.04971813725490204 0.09328918389664553
3 0.5571274509803922 0.41754217847969277 0.05297794117647059 0.09288227664606703
3 0.47256617647058824 0.4111455965005976 0.05787500000000001 0.09962391597365278
3 0.3691421568627451 0.40773083085374223 0.049561274509803965 0.08953912667531347
3 0.2725343137254902 0.4035641006078177 0.05732598039215686 0.09422344294397393
3 0.1796348039215686 0.39483349863940387 0.05534803921568626 0.10280755830217946
5 0.19514950980392157 0.31056137941557943 0.052063725490196056 0.10679524935784951
5 0.8129901960784314 0.33061376872409143 0.045098039215686336 0.08829887337555002
2 0.28208823529411764 0.31230619770606044 0.05437254901960786 0.08424282190178276
2 0.7377279411764706 0.32983901731898985 0.056338235294117744 0.0997736578418656
0 0.3723578431372549 0.31336741181556926 0.0486372549019608 0.1026350296279342
0 0.6435955882352941 0.33504417486839094 0.06170098039215688 0.08739716690826786
4 0.568438725490196 0.3114728516568755 0.06089705882352936 0.1346537473614607
1 0.4698480392156863 0.29851692479845376 0.07204901960784316 0.13478721293965057