11 0.20289950980392157 0.7987166145316751 0.07001470588235292 0.10327306019684153
11 0.48535049019607845 0.7943024846773988 0.06138970588235293 0.087931029221027
6 0.4013553921568627 0.8081536074870934 0.06006372549019612 0.10260898756389708
10 0.4042867647058824 0.587528496223392 0.0610245098039216 0.10082510617736075
9 0.22032843137254904 0.6745480532031229 0.05339950980392155 0.06977971058721802
9 0.39677450980392154 0.4231282012156354 0.04354901960784319 0.07476351059230432
9 0.574578431372549 0.6991285063960734 0.053566176470588145 0.07010849164568557
9 0.6669779411764706 0.7096332239770098 0.05944607843137262 0.09112118206556305
9 0.7276813725490197 0.5920598153658351 0.0533995098039215 0.09360819918109917
9 0.8351372549019608 0.687878334732077 0.04772794117647061 0.07365672287073072
7 0.7605686274509803 0.6835911599399812 0.07862745098039214 0.12367376211184863
3 0.2831593137254902 0.2646817730983444 0.04671323529411764 0.08013468629994151
5 0.2936887254901961 0.18313104956638945 0.05061274509803926 0.08630991073472187
3 0.4204044117647059 0.27633559675491465 0.04669362745098038 0.07740026957605349
3 0.4950882352941177 0.3489148292261133 0.04164705882352937 0.0760721243101651
3 0.5686323529411764 0.36651275399913535 0.04657843137254902 0.07546339106329956
3 0.6261593137254902 0.281521222756288 0.036629901960784306 0.06824648406703798
3 0.7077696078431372 0.34527219551893396 0.0405367647058823 0.0720486254164441
3 0.7877328431372549 0.4423797970550088 0.06320833333333331 0.08071412222476541
2 0.6312745098039215 0.35314015411612115 0.051762254901960736 0.0877845426108187
4 0.5626519607843137 0.2626537473614608 0.03951715686274504 0.10537595686783142
1 0.49073529411764705 0.18553342997380537 0.04519362745098032 0.11390147758195365
5 0.7470171568627451 0.21716477200478118 0.05775980392156854 0.07950642150504822