11 0.09548689179375452 0.7990640446331267 0.08098964622886191 0.10664740193447206
11 0.40261374451014964 0.7948193370667936 0.062326299408652405 0.0919331391015393
8 0.2151253051838019 0.8102454764563317 0.0640930110315731 0.10334030998628913
6 0.3123668724279835 0.8081296381452107 0.06420981429608869 0.10050145023216939
6 0.6744424404329633 0.6941776817143682 0.0724622886191513 0.0970714706025874
9 0.12729317875298266 0.6706117337053399 0.06510899470899476 0.07717196976873023
9 0.2327204360756648 0.6659603725040497 0.06167151502576338 0.07898630828508646
9 0.3264736193242729 0.4926623614184853 0.0515498564858042 0.07440686221885427
9 0.5032682245737801 0.7069068320794379 0.056281854964207956 0.07943582686771097
9 0.5955449614413667 0.7090581380729719 0.046765349102603944 0.08513463593020289
9 0.6624341684822077 0.6028020808635756 0.054978704568247126 0.08635937321495717
9 0.7790643030051526 0.697178032097043 0.05467184009406228 0.07769085608380838
10 0.4048026299408652 0.6677259919455999 0.06782761697271501 0.11556362947462682
7 0.607405278901684 0.806597032559181 0.0675951170591693 0.12472937999871776
3 0.21190256423557077 0.24620867919509581 0.04579899712971615 0.07647946816847073
3 0.27736041947643253 0.3295244206773619 0.04242376456755542 0.06981406678320567
3 0.36071512432133346 0.2658526804465992 0.04280886675657911 0.0797363958807551
3 0.4409189075630251 0.2730644017134497 0.04645145762008504 0.07277304636781765
3 0.5100491769547325 0.34987780007137775 0.04008432410001021 0.05631506195802875
3 0.5726241328630218 0.28565437571700714 0.043920904658159364 0.07879846183727969
3 0.6494195404087562 0.34222662736104054 0.047598409240239316 0.08463367941037728
3 0.7248356070823392 0.4385188377092895 0.042094546460559525 0.07394355337020873
0 0.5042984282601929 0.41376396301750096 0.0486977210637343 0.08903510122538265
0 0.27926861188920016 0.23974422868449582 0.053620832036518296 0.09536858095016658
5 0.22545976588166133 0.16717926101978392 0.048139322889649665 0.09345327711136178
5 0.6951209893834076 0.22185176267745182 0.05046487533284915 0.09436882340502682
2 0.6377183542552824 0.21255587417224242 0.03986919804959027 0.09002606533268656
1 0.43197883770792267 0.17885158222367656 0.0511576166268977 0.12267654091354002
4 0.5074636252031678 0.19096786181412492 0.04812571151917565 0.12224666672407512