6 0.32140441176470586 0.2552415248849215 0.05212254901960789 0.10683105719590037
9 0.22467892156862745 0.691182421606775 0.06210294117647064 0.07700638335749337
9 0.5988382352941177 0.7532634470130464 0.06287254901960782 0.10351394928918377
9 0.6916200980392156 0.7655520459805193 0.054806372549019544 0.10204582792909637
9 0.7698063725490196 0.6737374939599705 0.04696568627450981 0.08769014012868447
9 0.895281862745098 0.7602394649169655 0.06538235294117656 0.09142066580198872
7 0.801139705882353 0.8800459805193154 0.08512254901960792 0.14222547748022674
11 0.3859142156862745 0.8316500597645025 0.06594607843137257 0.10402828005391508
1 0.3918578431372549 0.18134716817985302 0.04842156862745095 0.12180524401719181
5 0.4630490196078431 0.276280257368836 0.041294117647058814 0.09682439408967217
4 0.530906862745098 0.4327312123292896 0.037306372549019695 0.12326034434526076
3 0.595735294117647 0.38522397700974037 0.044409313725490174 0.07382274102896669
3 0.6747009803921569 0.3139142951603469 0.04303186274509807 0.08419724828971792
3 0.7595588235294117 0.3819915058111442 0.03872794117647049 0.08688609140154123
3 0.8367303921568627 0.4848055746293329 0.05336029411764698 0.09068823275094737