11 0.08033515140851953 0.8066634216816478 0.09948132074365139 0.12651709186397153
11 0.5545304478720701 0.861187222053894 0.07948296287607763 0.12609291838000822
8 0.22208277129396126 0.8322795750431642 0.07269423103239303 0.12673193649694373
6 0.330139463961058 0.8405303230460691 0.07861216350947155 0.13001013317173823
6 0.7463390221492385 0.7359509981868636 0.06523488358454056 0.12020427938651539
9 0.11150126092311302 0.6686410734536641 0.0767354407366137 0.10639322916215782
9 0.23261243719820926 0.6640574340032799 0.07373518659707155 0.10783577851842235
9 0.34155994760815594 0.47035073040057324 0.06392117764353998 0.10473288028971704
9 0.532149903231482 0.4062278688193453 0.05974234160264312 0.0990684923073964
9 0.5549082947236721 0.7296766484391156 0.08023865657928182 0.10241398644716687
9 0.7225396750923698 0.6192879493283701 0.06017774128594617 0.10630972908761246
9 0.8623104803237347 0.7388478425601293 0.0769756612515394 0.10533840973033791
9 0.6557433581608118 0.7435652397235568 0.051697456649658774 0.10209515454943303
10 0.432848747874025 0.686575810933645 0.0663308896838895 0.1473598776493671
7 0.6764899028404981 0.8523854129574323 0.07951549273747394 0.15245008257705808
5 0.2123538404394659 0.09656662347843233 0.053231364729341396 0.10800341889220738
5 0.75368826852775 0.18553618683480258 0.05240560670928399 0.10091096048132274
3 0.2015689402381092 0.18807172286427448 0.04667784880652162 0.08608601595752356
3 0.27624499051864015 0.2805138649622223 0.05339901863038342 0.08688107653166745
3 0.3715524798154556 0.21223744718098178 0.051337125877270205 0.08475080273365172
3 0.46484061540867594 0.2290921748498271 0.04523652571696677 0.10329518186671287
3 0.5387534650949113 0.3263841421268041 0.05793818544366907 0.08445935275361062
3 0.6135296072566614 0.24940411586758812 0.052348053877582935 0.08782553107581025
3 0.7059094090278185 0.3275296026009128 0.046933083103630265 0.09613867636237727
3 0.8045274372959553 0.4461700839236847 0.07295697222059323 0.09721339200777195
0 0.2791676734502375 0.1779417183915509 0.061746681524055276 0.11463082793480403
1 0.4568657947725451 0.11574590851596953 0.05931194651340101 0.14158160354355137
4 0.5394140715109572 0.14485931389381845 0.04674791312337494 0.1426103215070674
0 0.6858960373780619 0.241863992651267 0.044585928489042616 0.10395867626618958
2 0.6863514554376087 0.16987345905053217 0.06171164936562856 0.10087235000745455