9 0.24060294117647057 0.6271840492357774 0.05228431372549014 0.08573047480989796
9 0.5760196078431372 0.7376609953968617 0.0564485294117647 0.08858533607995739
9 0.6547622549019607 0.7265247577630274 0.04481617647058833 0.08909315632867934
9 0.7157769607843137 0.6497136898858117 0.044299019607843215 0.0884714020497952
9 0.8315735294117648 0.7125694666971847 0.04795098039215695 0.0872311487500319
6 0.47468382352941174 0.8334111543450065 0.06701470588235292 0.1042952112102948
7 0.7577499999999999 0.8235021489789172 0.07312745098039208 0.1333060705475446
1 0.48758088235294117 0.38425391012436105 0.03888480392156857 0.12071147732763667
3 0.5487524509803922 0.40994766155489426 0.0386789215686274 0.07118272678721291
3 0.6166789215686275 0.344464891533786 0.03728186274509815 0.07368927545077698
3 0.6943529411764706 0.4013472699066657 0.038215686274509775 0.08002726278578877
3 0.7695171568627451 0.47943765417970036 0.04148529411764712 0.07344838635843445