9 0.26202836522718637 0.5858626632899053 0.05671475063416596 0.0915477994482303
9 0.6052490532262783 0.6628859055029025 0.06169199750263055 0.08232914371252277
9 0.6839822896337338 0.6485600828524929 0.049267490100025846 0.09993453260576322
9 0.7410500111333778 0.5608811467063524 0.0404022546181687 0.09148875834399449
9 0.860078984985221 0.6197763191561578 0.055310523443400865 0.10091639730903454
3 0.7888597360297938 0.39254560107220865 0.04582049152771767 0.07558843198175852
3 0.7111886535598428 0.3236949844651576 0.0543893678424386 0.08904267425567648
3 0.627002475539314 0.26819211334778026 0.0559107303932482 0.08062742313081472
3 0.5703664671390712 0.3382355830570133 0.048815434791151004 0.07599704098239382
1 0.4121453765919639 0.46295445723784406 0.05863099794359966 0.12702726995813843
7 0.6710637012587265 0.5329629478777751 0.04723980772001516 0.1275475000652724
6 0.5091349077239447 0.7740513929140231 0.05992043695233601 0.11632567992132506