11 0.8032425002407447 0.851636726351075 0.0726566965769358 0.10897867809375421
11 0.5149280588155649 0.8329406878375583 0.06367639738735865 0.0928782582348612
6 0.6005240406594307 0.851304671351003 0.06248980813550639 0.10780066465634576
10 0.6000437849849146 0.6258568093609775 0.06345039362667242 0.10602724225329095
9 0.7868627048411773 0.7239612710230031 0.05531220079775173 0.0739409042596679
9 0.6095855254859968 0.45834989780067037 0.045312224836022034 0.07853550140193423
9 0.4249157822103768 0.7312675891057919 0.05548610117360329 0.07428502503282397
9 0.3304620581248267 0.737353417305112 0.061728405487966126 0.09603838270162132
9 0.2698266003731724 0.614239070442992 0.055583561009056925 0.09827436744626719
9 0.15902970710236755 0.7066903480548461 0.04956603711016553 0.07761517840395898
7 0.23520841455300048 0.7060581261692804 0.08168209271966233 0.13024435691372463
3 0.7273839014546774 0.3022528983729867 0.048603857563113036 0.08417945144209263
5 0.717562737785192 0.21844502349382236 0.05265533595292565 0.09068142569267094
3 0.5871325625157933 0.30725945548197203 0.04855269949049 0.08138610185305412
3 0.5100585331876556 0.3776251973048233 0.043385344909353224 0.07977630610743205
3 0.43477420230231606 0.3919017155059228 0.048413034245122354 0.07940239026196702
3 0.3770106771913743 0.3022192865765389 0.03817402404261434 0.07153279756837733
3 0.2929656931891327 0.36322174224607684 0.04220598451558897 0.07561176759151045
3 0.21022238556661174 0.45837045886296635 0.06545091522817166 0.08559976530224554
2 0.37097278274110135 0.37509901840549803 0.053845706453623764 0.0922450513882277
4 0.4420625594530859 0.2861421364228792 0.04154456253606639 0.10959415564116246
1 0.5163632095724445 0.21100007214070327 0.04743697158343421 0.11858549587114706
5 0.25435530561547026 0.2304279367277939 0.05987455556351998 0.08409277486810278