11 0.8361935245945777 0.772300908495765 0.07698773698449916 0.1254152621486531
11 0.38818422902449784 0.7767690204394626 0.07202764686962894 0.1130373503447838
8 0.7049753199936547 0.7874452116616238 0.06700246913580239 0.12142111288071968
8 0.3202684840996444 0.5473172428531505 0.07693883744249587 0.10010507104059739
6 0.20910201637843592 0.6465502384136571 0.08365197148108848 0.1047285712489858
6 0.5970028772141232 0.7714038055287213 0.06445229747803519 0.1048135557818336
10 0.5043296760550877 0.6343942320430663 0.055544291196772615 0.14338373526655804
7 0.26937996952510695 0.7663938026954136 0.09454766497410214 0.14831506613791165
9 0.810774350443807 0.6378787464208941 0.06750718692286525 0.08429180864632686
9 0.6977320590345542 0.6246053159814992 0.052915470447066876 0.09325298575513462
9 0.5941717520735007 0.650073321361883 0.06778599814007095 0.09623271725813198
9 0.4982205677877178 0.46457260819996 0.05923070192672917 0.098073042092509
9 0.39384696364406374 0.6658443514191196 0.06745940508467917 0.08158495349217254
9 0.2942662411242237 0.666030708413957 0.058038614920472714 0.0905034774258868
9 0.22758201952197785 0.5521475973453938 0.06326483031422324 0.0947448071658511
9 0.09682127246504628 0.6436833905313369 0.06432415273539088 0.10323858172158727
3 0.7434808498623974 0.19922460664889322 0.05068524150697919 0.08727364433962173
3 0.6682667225518575 0.27770246323710723 0.04931054032538587 0.09192444951152044
3 0.5828856446371321 0.20217643906406083 0.044197045361602114 0.06285565467297537
3 0.4944630710949859 0.21297199976405215 0.05003853807833544 0.08623484272241227
3 0.4223973664103806 0.2964514176692031 0.04694462214188717 0.08076154669590875
3 0.3590291671214616 0.2214562930858589 0.04892916115455297 0.08914080378908977
3 0.26655910863120585 0.28686487520391596 0.0423483632479191 0.09135473379962036
3 0.20676698407708674 0.22375142008670115 0.03872439490455137 0.07992551475785846
5 0.7302173939745868 0.11516930899202904 0.0636294625561944 0.10004756475752011
5 0.2268808466606416 0.1481273406457814 0.04489985752187016 0.09212159976482583
2 0.5920940151908756 0.2707887375535113 0.06400828963664443 0.10982100883160388
2 0.29747677082560187 0.13959311612596906 0.05057259559060036 0.10714274591031851
0 0.672238334039175 0.18373529053974993 0.040808465442140604 0.10438368208160116
0 0.2820180328703887 0.20476365243340516 0.04781849887138106 0.10405508182263878
1 0.5071131497563027 0.11188008822900862 0.047702164532405555 0.12443535310459934
4 0.42995619241387634 0.12790084854181352 0.047615989568097684 0.13793635791348643