11 0.1991593137254902 0.7896930393428448 0.0747892156862745 0.09498842857506169
11 0.47716176470588234 0.7797482261387044 0.062164215686274504 0.0848645761806669
6 0.39598774509803925 0.7964932733145138 0.04687990196078429 0.09881986724650939
9 0.5673578431372549 0.6938484779125657 0.0538357843137256 0.07583123521782258
9 0.22038235294117645 0.6745545637191321 0.055960784313725476 0.08281050837974631
9 0.3849240196078431 0.4169432110068411 0.046808823529411736 0.08192182294448261
9 0.645142156862745 0.686826886396582 0.054990196078431364 0.0845716029602503
9 0.7105882352941176 0.5837849495180691 0.05107843137254897 0.07054795147631032
9 0.8232132352941176 0.670902164237939 0.05574019607843139 0.07550570941735972
10 0.39362009803921566 0.5818090079092597 0.05439460784313721 0.10891116706085807
7 0.7431029411764706 0.6683207446402687 0.06741176470588228 0.11266122428219028
3 0.2736936274509804 0.2624356450751507 0.04248529411764701 0.06913516950230153
3 0.4162328431372549 0.27188240380458284 0.04079901960784316 0.07500439968464685
3 0.48640686274509803 0.3428600493375041 0.05124509803921562 0.08024210981409426
3 0.5543921568627451 0.3543153022557921 0.03770833333333323 0.06734477759975582
3 0.6155245098039216 0.274825157040767 0.032519607843137344 0.06787212939650566
3 0.6900808823529412 0.33984893568322266 0.0388235294117647 0.07747839576816452
3 0.7687916666666667 0.4285840136313928 0.04738725490196072 0.06681417054500138
5 0.28398529411764706 0.1898466468299382 0.05081372549019603 0.08346807049668117
5 0.544578431372549 0.18957971567355864 0.04013480392156854 0.0568921441468935
4 0.547014705882353 0.265772284529895 0.04059558823529419 0.10709798835227995
1 0.6142549019607842 0.18907515068284123 0.04223529411764715 0.10796388698151115
2 0.6141004901960785 0.3443672337936472 0.04682598039215691 0.08325647872638028