11 0.9258119255109452 0.8151498709745939 0.10096333644568925 0.12098136695169959
11 0.4542549590206453 0.8183269719071936 0.08108332122972638 0.12153821936328303
8 0.7850080523567451 0.8253682376478624 0.07434779541446214 0.1225061343758699
6 0.6774830947193692 0.8219404135127919 0.08028318290279059 0.1254774100768986
6 0.261061972196286 0.6730976143934371 0.06682657260435046 0.11637796550328496
9 0.8924622419338105 0.6744990777338603 0.07802513400421902 0.1020768227888431
9 0.7717168257426428 0.6568988526928851 0.07506770411868453 0.10365861284053958
9 0.6599427966248228 0.4524819918422646 0.06526358889234692 0.10105239952810284
9 0.4689811892658297 0.3681751392871598 0.061016675312100144 0.09562239042886948
9 0.45168954767092023 0.6874687861852397 0.08144014939309055 0.09794709125928237
9 0.2828326399695682 0.5596120040989606 0.061569872393401885 0.10280415522086452
9 0.1455620240688868 0.6634918735522316 0.0782462911090361 0.10101580510992289
9 0.3514537002455303 0.690426688022596 0.053072614724902184 0.09902684704389704
10 0.572586182868209 0.6577379524141672 0.06836770066051093 0.14333680883859917
7 0.33259415049970603 0.7964394682832876 0.08155435211121491 0.147754886747555
5 0.7824558097313 0.09458013152267201 0.05469524501158493 0.10482889939462832
5 0.2445781045751635 0.12479220393764297 0.05375661375661387 0.09781423441576893
3 0.7947244129750666 0.186764263263496 0.04781801708337647 0.08334775547460971
3 0.7218595929729917 0.27067842390945546 0.05451027423314999 0.08380966815067413
3 0.625763538748833 0.19249951977863317 0.05242585330428472 0.08179153742597906
3 0.5330964432686656 0.19922054761884259 0.046672172078708114 0.1005367709490471
3 0.46107276169727146 0.2880411526460972 0.05898066881073418 0.08117854418007868
3 0.3852882473977245 0.20341523791481164 0.05348161980841728 0.08480058326946642
3 0.2945459988933845 0.2711819278318852 0.04823897361413693 0.09333494536154383
3 0.1982626499982709 0.378578388603282 0.0741175640626622 0.09313029585425152
0 0.7172403032818065 0.16833213981244674 0.06326747587924082 0.11100461161774036
1 0.5391555503682954 0.08733032168803695 0.06129659369920821 0.1379325187079663
4 0.457393154545769 0.10740184568044756 0.04882846768336954 0.13957074352504878
0 0.31306045059999305 0.18812273918497277 0.04603669813604442 0.10122861120439977
2 0.3114084396721652 0.11646256483562538 0.06300365874744954 0.09732035673587251