11 0.19074120353997756 0.8504564998302915 0.06974015423730542 0.08830425199226004
11 0.461563725854032 0.39864842287262586 0.054303081107749285 0.09600388037446075
6 0.7369261747896664 0.41728075565186873 0.054463099037581356 0.10742064756069616
9 0.20801624745496805 0.731057711867111 0.06293529397211267 0.07728242894731514
10 0.38930892431195 0.6475672779068722 0.05937941241961049 0.1055423235250603
9 0.5623197884512671 0.7669809189780367 0.06654799213532361 0.07745576471748651
9 0.6470254379492464 0.7746329431491491 0.05991842508546505 0.08236248893994641
9 0.7044728993207913 0.6814057027811865 0.06220487452755906 0.08945068913199253
9 0.8193029021004973 0.7731437705426897 0.05566183638155031 0.08548089896115255
3 0.254463547283383 0.3114266653902277 0.03846577686964335 0.07186683724532868
3 0.5397488775663164 0.41998513528802567 0.04068413952087169 0.07525089510282595
3 0.5980497989442938 0.35638925122349574 0.037510419531874145 0.06443352508927819
3 0.6772971418508767 0.4254765521062694 0.04231831564363291 0.0934376346425535
3 0.7520093083771028 0.5243507213330665 0.05007629783896034 0.07262597959438256
2 0.6036909432517903 0.42267733537563573 0.055812912680844665 0.08864943822180453
4 0.5319150777953874 0.3277234212045522 0.03824530979169684 0.09503545773391471
5 0.2595514282013555 0.2352591107281794 0.055722844381573704 0.08343592305393831
5 0.5222178794771825 0.2669745066128241 0.03645716996811347 0.06465825261307358
1 0.6480653682091853 0.26018069502101776 0.047877401862548734 0.13029673608754044