9 0.4441768926212703 0.7991280820406775 0.05069727219418647 0.07727636463827879
9 0.2930985305888345 0.7063958627441511 0.0516636097093279 0.07672881071884098
9 0.1831109895519002 0.7669063881479967 0.052143984317149644 0.08761711068125146
9 0.3933960150836148 0.6026859024067399 0.03727209488466861 0.07126417897305233
9 0.7516789347304081 0.6085147217417074 0.06017513771716958 0.09132394648911756
6 0.5330187466560516 0.6856577731193884 0.049529208024620026 0.10638325479402236
7 0.45325760536915055 0.45223473738329173 0.05368706721282705 0.12166349952990031
1 0.6751439406585599 0.5949961511476964 0.05321271920250305 0.12378827051608705
3 0.38113473811266485 0.525092009820491 0.044332801725798274 0.07130065832890682
3 0.3110295209111805 0.45700698853108296 0.04718716266248911 0.09582848037085318
3 0.23608138474774332 0.5382654202634262 0.049320359027697595 0.08272766505800745