11 0.18802832461221997 0.8724092243912527 0.07269006053734225 0.11265812328365248
11 0.9258252658147561 0.9407480394561554 0.0803783959667836 0.10737811635814484
8 0.3136786491650683 0.8928236506081462 0.0634552499364652 0.12738550741365928
8 0.6849212530889539 0.6953241820446598 0.0794588296113838 0.10839878226492936
6 0.4201433619258419 0.900728455659919 0.06832573941211939 0.1163517272889041
6 0.7935316021434606 0.8041378791595127 0.07217449467139597 0.12237870406440698
7 0.5129083506198904 0.9217595906255562 0.06595851081468744 0.1392071332727353
9 0.2106989874240749 0.7439650069495545 0.06073805192990387 0.088712980998139
9 0.32333827565958617 0.74865046675035 0.056178588707370955 0.10338151370432877
9 0.4173681106281736 0.7626244787834192 0.06568038513363324 0.0826935145507799
9 0.5083929092895605 0.5962518730131248 0.04517609987756409 0.08200010195886058
9 0.6169118225570203 0.8044066504109615 0.0557862656040592 0.09632586821336304
9 0.7136314600135686 0.8197383081562278 0.051467504820324673 0.11394165067547765
9 0.7727278382716775 0.705628229138111 0.06423007231030241 0.08972822961904907
9 0.9023279738127665 0.8074288803281918 0.0741991310020554 0.10175780538362016
10 0.5053009227944344 0.7599844137605987 0.055282432730856076 0.13134000298181586
5 0.29526100159941376 0.24232593554468634 0.04993515372546128 0.0960047709051735
5 0.7775337128773447 0.31491768938136944 0.04850624944339103 0.07743874725264156
0 0.4269894241748248 0.2694282474137558 0.034524896479769106 0.08667940575298058
0 0.6442125319032012 0.29731692757554334 0.04298990783640381 0.09492919341884398
2 0.7157768553453654 0.30593188955739276 0.045844213184701436 0.09861935006035773
2 0.42819041553625253 0.40867342480774493 0.06375029855965876 0.11080368783274892
1 0.5099714138629862 0.2618924334021075 0.054116269636985924 0.12085595425317536
4 0.5884241347127825 0.27721522649776126 0.04557353878813831 0.1300786372140223
3 0.28533657647247074 0.3188156728082452 0.041098838560570984 0.07021061045463062
3 0.35488297344712405 0.4055081292953777 0.04908980364643176 0.08107694719781465
3 0.437735251471439 0.33903532297392835 0.039948671632162314 0.0657110620554329
3 0.5182981872103369 0.35516923150913543 0.03577465482999083 0.08320446310483973
3 0.5871853864694948 0.4400992232850952 0.03964850720170651 0.07713242436047256
3 0.6514683591925748 0.37507701837664176 0.038632463394131324 0.07685331101780916
3 0.7339540970407586 0.4415594280685048 0.04844298766735379 0.08928351969681661
3 0.7953005963952732 0.3905683629350686 0.048171330887512076 0.07755177153520218