11 0.8380180346168008 0.8407705537134221 0.08126023433941233 0.10963138415301012
9 0.8215042401433222 0.7186896657760605 0.06501580648588418 0.08341646548247934
9 0.4516453356968112 0.7354848918943224 0.056529081401728735 0.09176094154779824
9 0.3713700778463244 0.7243277570356446 0.05175015244723279 0.09745339518260332
9 0.3130788432347629 0.6386176003527614 0.056841572760626624 0.08016311497523988
9 0.20126403278597876 0.7011593593436781 0.05841809399481599 0.09480530882570534
10 0.8183986069451904 0.6187118363605244 0.07765889949834302 0.11475087914733889
6 0.4656080643494687 0.6208328601806162 0.06548533523110137 0.10269750775291601
7 0.2632266450111552 0.817872928180001 0.07747093897308059 0.13108736702552037
3 0.7708848313911774 0.29856215416481724 0.05346471010284905 0.07196917515933726
3 0.4880592877839921 0.3867414172533934 0.03781424868618856 0.07058204340472707
3 0.4211909803630501 0.31681580695601225 0.03956606313571212 0.07185926216025687
3 0.3378420370152069 0.37313752991653826 0.04745938063490804 0.08595003437682218
3 0.26053363080554726 0.46269330478751647 0.04858071698953461 0.08570265586335134
4 0.5495477141647128 0.43756711893220074 0.04635117730013413 0.10524125102622789
5 0.6351341142706618 0.22059195205231077 0.04795936680914461 0.09108713030411159
5 0.4841509569611263 0.3040955310131154 0.055780685554114834 0.08997240454992465
1 0.5557239591747037 0.2179492128142868 0.03912410441798629 0.12028462732333647