11 0.13278431372549018 0.8034497596704051 0.11360784313725492 0.10622883446504412
11 0.5486862745098039 0.8162982630146741 0.0753161764705883 0.10441565575646607
8 0.2530147058823529 0.8159597161821927 0.06975735294117646 0.10520342819358616
6 0.35358823529411765 0.8147064418504106 0.06501715686274512 0.1092106507972839
6 0.7331985294117647 0.685117875944152 0.06688480392156859 0.10719564609241893
9 0.16128431372549018 0.6738481727321278 0.07501715686274513 0.08140098166374207
9 0.2656323529411765 0.6636917677576867 0.06557843137254904 0.07410920373337392
9 0.36306372549019605 0.46892317082475016 0.05210784313725492 0.08171348643218633
10 0.44591911764705877 0.6703455151191475 0.06830637254901961 0.13624556852572406
9 0.5538308823529412 0.7016610971236744 0.06109313725490195 0.08819796037740642
9 0.6455710784313725 0.6961792426438799 0.06319852941176474 0.09025853869433637
9 0.7242598039215686 0.5859789934131888 0.07351960784313727 0.08470181328043533
9 0.8415882352941176 0.678272068360418 0.06552941176470584 0.09350728618295556
7 0.6630416666666666 0.8059432873019508 0.07853676470588233 0.13725469850715918
5 0.24938480392156864 0.13496299687190053 0.06739705882352942 0.0876315454846011
5 0.7484313725490196 0.16733979298593624 0.05078676470588239 0.10355626764324408
0 0.3101421568627451 0.20507474377559065 0.04920588235294121 0.11066575112535283
0 0.5454705882352942 0.38894148165102616 0.051725490196078416 0.10404781160194304
3 0.23980882352941174 0.22352554614582537 0.045794117647058874 0.08246219577325097
3 0.3101495098039216 0.3070652323186083 0.044318627450980363 0.0802681518781313
3 0.3916348039215686 0.23050481930774905 0.05042647058823535 0.08014119681595074
3 0.47730392156862744 0.23529981434856695 0.037941176470588256 0.09298970016021978
3 0.5522671568627451 0.3136310877139442 0.04816176470588229 0.060844027364512616
3 0.615171568627451 0.2443103685053788 0.041617647058823426 0.08822400244144352
3 0.702453431372549 0.311371938658732 0.044610294117647165 0.08888481981638315
3 0.7842303921568627 0.40911106024770477 0.05130392156862751 0.09881010147249564
2 0.6826985294117647 0.16524991734696473 0.04922058823529407 0.12216006713969635
4 0.5476911764705882 0.14422095063706417 0.04391176470588243 0.12242048778006659
1 0.46695833333333336 0.13250527707840593 0.05401225490196082 0.12503445995778342